# L = 8
# Lz = 8
# disorder_filling = 2.000000e-01
# J33 = 2.000000e-01
# J34 = -1.000000e+00
# J44 = -1.000000e+00
# T_min = 5.000000e-01
# T_max = 0.000000e+00
# T_steps = 60
# disorder_steps = 50
# mc_bins = 1024
# mc_binsize = 40
# thermalization_bins = 1024
# seed_disorder = 1
# seed_mc = 6001
# disorder averaged number of filled sites = 7.874389e-01
# 1: L; 2: Lz; 3: disorder_filling; 4: temperature; 5: magnetization1; 6: sigma_magnetization1; 7: magnetization2; 8: sigma_magnetization2; 9: magnetization1_squared; 10: sigma_magnetization1_squared; 11: magnetization2_squared; 12: sigma_magnetization2_squared; 13: chi_magnetization1; 14: sigma_chi_magnetization1; 15: energy; 16: energy_squared; 17: specific_heat; 18: sigma_specific_heat; 19: xi_a; 20: sigma_xi_a; 21: xi_b; 22: sigma_xi_b; 23: magnetization AF; 24: sigma_magnetizationAF; 25: magnetizationAF_squared; 26: sigma_magnetizationAF_squared; 27: chi_magnetizationAF; 28: sigma_chi_magnetizationAF; 29: magnetization_four; 30: sigma_magnetization_four; 31: binder_ratio; 32: sigma_binder_ratio; 33: magnetizationAF_four; 34: sigma_magnetizationAF_four; 35: binder_ratioAF; 36: sigma_binder_ratioAF; 37:magnetization_replica; 38: sigma_magnetization_replica; 39:magnetization_replica_squared; 40: sigma_magnetization_replica_squared; 41:chi_magnetization_replica; 42: sigma_chi_magnetization_replica; 43:magnetization_replica_four; 44: sigma_magnetization_replica_four; 45:binder_ratio_replica; 46: sigma_binder_ratio_replica;  
8 8 2.000000e-01 5.000000e-01 1.109766e-01 8.002407e-04 1.421263e-01 1.023949e-03 1.989423e-02 2.147239e-04 3.295171e-02 3.559556e-04 8.198911e-01 4.906875e-02 -5.284524e+02 2.795607e+05 6.461665e-02 3.381996e-03 -nan -nan 6.493060e-02 5.436602e-03 3.407513e-01 5.817441e-04 1.190686e-01 3.606953e-04 5.862107e-01 3.132346e-02 1.197030e-03 2.064648e-05 1.857112e+00 1.233987e-01 1.536110e-02 7.900821e-05 1.020669e+00 1.322858e-03 7.041944e-01 1.345027e-03 5.017529e-01 1.689748e-03 3.272165e+00 9.950097e-02 2.603471e-01 1.475740e-03 1.024655e+00 1.429462e-03
8 8 2.000000e-01 5.215083e-01 1.115871e-01 8.419401e-04 1.429138e-01 1.077516e-03 2.018466e-02 2.297478e-04 3.343830e-02 3.810520e-04 8.710014e-01 5.266701e-02 -5.276914e+02 2.787628e+05 7.291356e-02 3.711083e-03 -nan -nan 6.400774e-02 5.447865e-03 3.385515e-01 6.208009e-04 1.177636e-01 3.795369e-04 6.501861e-01 3.188206e-02 1.234979e-03 2.251534e-05 1.939246e+00 1.557335e-01 1.509015e-02 8.185875e-05 1.024665e+00 1.527023e-03 6.973368e-01 1.425370e-03 4.929781e-01 1.764404e-03 3.482899e+00 1.068144e-01 2.524473e-01 1.511241e-03 1.029368e+00 1.628614e-03
8 8 2.000000e-01 5.439418e-01 1.123477e-01 8.790729e-04 1.438918e-01 1.125532e-03 2.048312e-02 2.432290e-04 3.394042e-02 4.040583e-04 9.196667e-01 5.556442e-02 -5.267955e+02 2.778264e+05 8.210575e-02 4.210214e-03 -nan -nan 6.468968e-02 5.462774e-03 3.359890e-01 6.611722e-04 1.162515e-01 3.987484e-04 7.071277e-01 3.235792e-02 1.268534e-03 2.436953e-05 1.924967e+00 1.009473e-01 1.477841e-02 8.467434e-05 1.030382e+00 1.826446e-03 6.894998e-01 1.497239e-03 4.832362e-01 1.822083e-03 3.691601e+00 1.055386e-01 2.439915e-01 1.529668e-03 1.035538e+00 1.877155e-03
8 8 2.000000e-01 5.673403e-01 1.134866e-01 9.298923e-04 1.453690e-01 1.191204e-03 2.097009e-02 2.637829e-04 3.476920e-02 4.388802e-04 1.011143e+00 5.975134e-02 -5.257787e+02 2.767660e+05 9.199332e-02 4.599216e-03 -nan -nan 6.689885e-02 5.488485e-03 3.332312e-01 6.985378e-04 1.146499e-01 4.147224e-04 7.561435e-01 3.300673e-02 1.330509e-03 2.724718e-05 2.044314e+00 1.537392e-01 1.444968e-02 8.659423e-05 1.036460e+00 2.071646e-03 6.814703e-01 1.559495e-03 4.734438e-01 1.866989e-03 3.830842e+00 9.554889e-02 2.355591e-01 1.538202e-03 1.042817e+00 2.170503e-03
8 8 2.000000e-01 5.917453e-01 1.150081e-01 9.960364e-04 1.473590e-01 1.276724e-03 2.165313e-02 2.897782e-04 3.594803e-02 4.832111e-04 1.170340e+00 6.380887e-02 -5.245664e+02 2.755053e+05 1.018650e-01 4.871906e-03 -nan -nan 6.628294e-02 5.524166e-03 3.296411e-01 7.410303e-04 1.126438e-01 4.334477e-04 8.075566e-01 3.425339e-02 1.432120e-03 3.143519e-05 2.084850e+00 1.218990e-01 1.405634e-02 8.910653e-05 1.047680e+00 2.581659e-03 6.723940e-01 1.622876e-03 4.626625e-01 1.910604e-03 3.845882e+00 9.712488e-02 2.264941e-01 1.544726e-03 1.053536e+00 2.645233e-03
8 8 2.000000e-01 6.172002e-01 1.170137e-01 1.052750e-03 1.499727e-01 1.349593e-03 2.249501e-02 3.115882e-04 3.739347e-02 5.196877e-04 1.276994e+00 6.496426e-02 -5.231260e+02 2.740098e+05 1.132534e-01 5.435604e-03 -nan -nan 6.701772e-02 5.566769e-03 3.255685e-01 7.771989e-04 1.103176e-01 4.495963e-04 8.204964e-01 3.491860e-02 1.549719e-03 3.473842e-05 2.092488e+00 1.152415e-01 1.359070e-02 9.103312e-05 1.059863e+00 3.120808e-03 6.631109e-01 1.679638e-03 4.511057e-01 1.941196e-03 3.775983e+00 1.128564e-01 2.165006e-01 1.531157e-03 1.058988e+00 2.986097e-03
8 8 2.000000e-01 6.437500e-01 1.192513e-01 1.103270e-03 1.528910e-01 1.414148e-03 2.346947e-02 3.325113e-04 3.906517e-02 5.545085e-04 1.352456e+00 6.572522e-02 -5.215341e+02 2.723632e+05 1.250804e-01 6.000819e-03 -nan -nan 6.657042e-02 5.613200e-03 3.211580e-01 8.170753e-04 1.078702e-01 4.660904e-04 8.248084e-01 3.843381e-02 1.692260e-03 3.809517e-05 2.132828e+00 1.141301e-01 1.310778e-02 9.274495e-05 1.078619e+00 3.966272e-03 6.542560e-01 1.778507e-03 4.400393e-01 2.011750e-03 3.936800e+00 1.272461e-01 2.071774e-01 1.544026e-03 1.058548e+00 3.031379e-03
8 8 2.000000e-01 6.714419e-01 1.214890e-01 1.163853e-03 1.557945e-01 1.491135e-03 2.437162e-02 3.562296e-04 4.059808e-02 5.932651e-04 1.425342e+00 7.055502e-02 -5.196838e+02 2.704521e+05 1.373419e-01 6.577486e-03 -nan -nan 6.674167e-02 5.663879e-03 3.165099e-01 8.540885e-04 1.052279e-01 4.824842e-04 8.115495e-01 4.004301e-02 1.817790e-03 4.176601e-05 2.143551e+00 1.143485e-01 1.258551e-02 9.449175e-05 1.097232e+00 4.758787e-03 6.440293e-01 1.860465e-03 4.269227e-01 2.074313e-03 4.038275e+00 1.332921e-01 1.960375e-01 1.552617e-03 1.057204e+00 2.932142e-03
8 8 2.000000e-01 7.003251e-01 1.235075e-01 1.218329e-03 1.583883e-01 1.560414e-03 2.512823e-02 3.747168e-04 4.186464e-02 6.232306e-04 1.480868e+00 7.245224e-02 -5.175576e+02 2.682617e+05 1.498303e-01 7.060847e-03 -nan -nan 6.374041e-02 5.709726e-03 3.117055e-01 8.900912e-04 1.024021e-01 4.981844e-04 8.035864e-01 4.073293e-02 1.909207e-03 4.421269e-05 2.107097e+00 1.046649e-01 1.201143e-02 9.589072e-05 1.113101e+00 5.535450e-03 6.329293e-01 1.959537e-03 4.130667e-01 2.143444e-03 4.188058e+00 1.344166e-01 1.845930e-01 1.554107e-03 1.059734e+00 3.080048e-03
8 8 2.000000e-01 7.304506e-01 1.261508e-01 1.280077e-03 1.617971e-01 1.638485e-03 2.622551e-02 4.004924e-04 4.370336e-02 6.649749e-04 1.548779e+00 7.401270e-02 -5.151320e+02 2.657754e+05 1.644034e-01 7.688464e-03 -nan -nan 6.302304e-02 5.770006e-03 3.059615e-01 9.377961e-04 9.916225e-02 5.152038e-04 8.279584e-01 4.308803e-02 2.066908e-03 4.846725e-05 2.199160e+00 1.630621e-01 1.138285e-02 9.674386e-05 1.136161e+00 6.943189e-03 6.200764e-01 2.073556e-03 3.978359e-01 2.205273e-03 4.455374e+00 1.423883e-01 1.726333e-01 1.541513e-03 1.065165e+00 3.383244e-03
8 8 2.000000e-01 7.618721e-01 1.291742e-01 1.343888e-03 1.656688e-01 1.719493e-03 2.736036e-02 4.258536e-04 4.558306e-02 7.064606e-04 1.611278e+00 7.651791e-02 -5.123738e+02 2.629604e+05 1.794109e-01 8.419005e-03 -nan -nan 6.233904e-02 5.811456e-03 2.997428e-01 9.818780e-04 9.562782e-02 5.292301e-04 8.423985e-01 4.439672e-02 2.215515e-03 5.293995e-05 2.104545e+00 1.044968e-01 1.070904e-02 9.685897e-05 1.148034e+00 8.101561e-03 6.055592e-01 2.176331e-03 3.811496e-01 2.254787e-03 4.624877e+00 1.281811e-01 1.600555e-01 1.518758e-03 1.073911e+00 3.808144e-03
8 8 2.000000e-01 7.946452e-01 1.321409e-01 1.400370e-03 1.694693e-01 1.790806e-03 2.840561e-02 4.464768e-04 4.730969e-02 7.396156e-04 1.615848e+00 7.997280e-02 -5.092202e+02 2.597539e+05 1.951212e-01 9.013344e-03 -nan -nan 6.297972e-02 5.841962e-03 2.926295e-01 1.034662e-03 9.164348e-02 5.456971e-04 8.636217e-01 4.640187e-02 2.336772e-03 5.554601e-05 2.081171e+00 9.075069e-02 9.961188e-03 9.689231e-05 1.170383e+00 1.007917e-02 5.900603e-01 2.296966e-03 3.635836e-01 2.311844e-03 4.841102e+00 1.138571e-01 1.469850e-01 1.491459e-03 1.084207e+00 4.359628e-03
8 8 2.000000e-01 8.288282e-01 1.346206e-01 1.466392e-03 1.726345e-01 1.874896e-03 2.931923e-02 4.753974e-04 4.880999e-02 7.871511e-04 1.672612e+00 8.502719e-02 -5.056076e+02 2.561080e+05 2.123013e-01 9.751138e-03 -nan -nan 6.174166e-02 5.870456e-03 2.852475e-01 1.085257e-03 8.753898e-02 5.573764e-04 8.927972e-01 4.808522e-02 2.452042e-03 6.081114e-05 2.095976e+00 1.001527e-01 9.204609e-03 9.544509e-05 1.167141e+00 9.457208e-03 5.727161e-01 2.405251e-03 3.444131e-01 2.351383e-03 4.913148e+00 9.727595e-02 1.334467e-01 1.450266e-03 1.096277e+00 4.958755e-03
8 8 2.000000e-01 8.644815e-01 1.376651e-01 1.543281e-03 1.765217e-01 1.972682e-03 3.045927e-02 5.103564e-04 5.068315e-02 8.446542e-04 1.753303e+00 8.968795e-02 -5.016393e+02 2.521289e+05 2.310856e-01 1.052202e-02 -nan -nan 5.996238e-02 5.860668e-03 2.769862e-01 1.152093e-03 8.312497e-02 5.743211e-04 9.484080e-01 4.949663e-02 2.598984e-03 6.774800e-05 2.095181e+00 1.005791e-01 8.431875e-03 9.457361e-05 1.184274e+00 1.115072e-02 5.536582e-01 2.520072e-03 3.241264e-01 2.391295e-03 5.044248e+00 8.399687e-02 1.198477e-01 1.408954e-03 1.115138e+00 5.804333e-03
8 8 2.000000e-01 9.016685e-01 1.408207e-01 1.627886e-03 1.805461e-01 2.080418e-03 3.158973e-02 5.488617e-04 5.254115e-02 9.081288e-04 1.857037e+00 9.192725e-02 -4.970406e+02 2.475563e+05 2.472236e-01 1.121563e-02 -nan -nan 6.153143e-02 5.886574e-03 2.675991e-01 1.228061e-03 7.824198e-02 5.915096e-04 1.015616e+00 5.229454e-02 2.747020e-03 7.450404e-05 2.087266e+00 1.087330e-01 7.613669e-03 9.276129e-05 1.200437e+00 1.173195e-02 5.316702e-01 2.646084e-03 3.014971e-01 2.412109e-03 5.143530e+00 8.164933e-02 1.055959e-01 1.339804e-03 1.136452e+00 6.796882e-03
8 8 2.000000e-01 9.404552e-01 1.438928e-01 1.716745e-03 1.844645e-01 2.193643e-03 3.271648e-02 5.925621e-04 5.439206e-02 9.799735e-04 1.975207e+00 9.456675e-02 -4.919466e+02 2.425350e+05 2.647639e-01 1.190158e-02 -nan -nan 5.968611e-02 5.878891e-03 2.571227e-01 1.295365e-03 7.288972e-02 5.996051e-04 1.067421e+00 5.370920e-02 2.895914e-03 8.236251e-05 2.186330e+00 1.471581e-01 6.745287e-03 8.908639e-05 1.205677e+00 1.168123e-02 5.084967e-01 2.775813e-03 2.785262e-01 2.432552e-03 5.247169e+00 7.810726e-02 9.193407e-02 1.269702e-03 1.165393e+00 8.075960e-03
8 8 2.000000e-01 9.809104e-01 1.467821e-01 1.819059e-03 1.881384e-01 2.324251e-03 3.379265e-02 6.388489e-04 5.615126e-02 1.056150e-03 2.118901e+00 9.725992e-02 -4.864014e+02 2.371306e+05 2.813303e-01 1.278504e-02 -nan -nan 6.253142e-02 5.875544e-03 2.462576e-01 1.364526e-03 6.759833e-02 6.079335e-04 1.119783e+00 5.432960e-02 3.039263e-03 9.085444e-05 2.259822e+00 1.413116e-01 5.936279e-03 8.569653e-05 1.233254e+00 1.317441e-02 4.843232e-01 2.862853e-03 2.550931e-01 2.409118e-03 5.195560e+00 6.973452e-02 7.871427e-02 1.174165e-03 1.193665e+00 9.256132e-03
8 8 2.000000e-01 1.023106e+00 1.499479e-01 1.923638e-03 1.921702e-01 2.457529e-03 3.496809e-02 6.866719e-04 5.808814e-02 1.134663e-03 2.252678e+00 9.993179e-02 -4.800726e+02 2.310281e+05 2.961454e-01 1.334373e-02 -nan -nan 6.028769e-02 5.889892e-03 2.340125e-01 1.438356e-03 6.182527e-02 6.111752e-04 1.177190e+00 5.619534e-02 3.202272e-03 9.910381e-05 2.262520e+00 1.511006e-01 5.097360e-03 8.049307e-05 1.260888e+00 1.355210e-02 4.568589e-01 2.969849e-03 2.301459e-01 2.368842e-03 5.206615e+00 6.811532e-02 6.590072e-02 1.066443e-03 1.233206e+00 1.095693e-02
8 8 2.000000e-01 1.067116e+00 1.536367e-01 2.021600e-03 1.968491e-01 2.581806e-03 3.628414e-02 7.354634e-04 6.023184e-02 1.213648e-03 2.342775e+00 1.034781e-01 -4.732832e+02 2.245651e+05 3.108636e-01 1.398735e-02 -nan -nan 5.954990e-02 5.862341e-03 2.213125e-01 1.502191e-03 5.605884e-02 6.083011e-04 1.212183e+00 5.691316e-02 3.366768e-03 1.079970e-04 2.295751e+00 1.129908e-01 4.309650e-03 7.464012e-05 1.302535e+00 1.819610e-02 4.293898e-01 3.048497e-03 2.059464e-01 2.300751e-03 5.106199e+00 6.509137e-02 5.429823e-02 9.501567e-04 1.270118e+00 1.258476e-02
8 8 2.000000e-01 1.113020e+00 1.568020e-01 2.134963e-03 2.008572e-01 2.725674e-03 3.742517e-02 7.915026e-04 6.207887e-02 1.304228e-03 2.447981e+00 1.112983e-01 -4.657605e+02 2.175179e+05 3.262730e-01 1.463837e-02 -nan -nan 5.838770e-02 5.862816e-03 2.075265e-01 1.565359e-03 5.012554e-02 6.007967e-04 1.239062e+00 5.821118e-02 3.504445e-03 1.186432e-04 2.306933e+00 1.143073e-01 3.571886e-03 6.819915e-05 1.344296e+00 1.833193e-02 4.001440e-01 3.155749e-03 1.818178e-01 2.224949e-03 5.121342e+00 6.231419e-02 4.383980e-02 8.309599e-04 1.309019e+00 1.450143e-02
8 8 2.000000e-01 1.160898e+00 1.598592e-01 2.249750e-03 2.046923e-01 2.871459e-03 3.834822e-02 8.465346e-04 6.353005e-02 1.392915e-03 2.549353e+00 1.163720e-01 -4.575875e+02 2.099803e+05 3.400512e-01 1.515578e-02 -nan -nan 5.820585e-02 5.851926e-03 1.932112e-01 1.628963e-03 4.422634e-02 5.874243e-04 1.269748e+00 5.922545e-02 3.577876e-03 1.268687e-04 2.291496e+00 1.043439e-01 2.882912e-03 6.072312e-05 1.399252e+00 2.126662e-02 3.688163e-01 3.265948e-03 1.576303e-01 2.140679e-03 5.149833e+00 5.882905e-02 3.438556e-02 7.155263e-04 1.361066e+00 1.695693e-02
8 8 2.000000e-01 1.210836e+00 1.626133e-01 2.371582e-03 2.081295e-01 3.025435e-03 3.914446e-02 9.040447e-04 6.475439e-02 1.484708e-03 2.653036e+00 1.214057e-01 -4.487232e+02 2.019587e+05 3.533294e-01 1.569924e-02 -nan -nan 5.543568e-02 5.839666e-03 1.782661e-01 1.691120e-03 3.850399e-02 5.698784e-04 1.297694e+00 5.995885e-02 3.624526e-03 1.361828e-04 2.264761e+00 9.092980e-02 2.286076e-03 5.334639e-05 1.466003e+00 2.437980e-02 3.368108e-01 3.371244e-03 1.347937e-01 2.049873e-03 5.169618e+00 5.244987e-02 2.653877e-02 6.087710e-04 1.425225e+00 2.009532e-02
8 8 2.000000e-01 1.262922e+00 1.653865e-01 2.503428e-03 2.115966e-01 3.192821e-03 4.000970e-02 9.672090e-04 6.609293e-02 1.586592e-03 2.796134e+00 1.240754e-01 -4.392049e+02 1.935181e+05 3.683525e-01 1.632038e-02 -nan -nan 5.412612e-02 5.845685e-03 1.627352e-01 1.746927e-03 3.290613e-02 5.481305e-04 1.317244e+00 5.852128e-02 3.685584e-03 1.460123e-04 2.233109e+00 7.912258e-02 1.763013e-03 4.624733e-05 1.538608e+00 2.786474e-02 3.031216e-01 3.411136e-03 1.123395e-01 1.916989e-03 4.994454e+00 4.401121e-02 1.962285e-02 5.048173e-04 1.504685e+00 2.353109e-02
8 8 2.000000e-01 1.317249e+00 1.678365e-01 2.642317e-03 2.146530e-01 3.368904e-03 4.078935e-02 1.029614e-03 6.729343e-02 1.686661e-03 2.934206e+00 1.281945e-01 -4.288042e+02 1.844888e+05 3.728192e-01 1.662072e-02 -nan -nan 5.433641e-02 5.853553e-03 1.467930e-01 1.769383e-03 2.748622e-02 5.153332e-04 1.292457e+00 5.428676e-02 3.734812e-03 1.564611e-04 2.220245e+00 7.579700e-02 1.302403e-03 3.863453e-05 1.625553e+00 3.208945e-02 2.689005e-01 3.416103e-03 9.150208e-02 1.768504e-03 4.751466e+00 3.530117e-02 1.403682e-02 4.107836e-04 1.613328e+00 2.922660e-02
8 8 2.000000e-01 1.373912e+00 1.687896e-01 2.759162e-03 2.157861e-01 3.517373e-03 4.092450e-02 1.077466e-03 6.742675e-02 1.763333e-03 3.032351e+00 1.281491e-01 -4.178986e+02 1.752653e+05 3.767408e-01 1.672343e-02 -nan -nan 5.574872e-02 5.882178e-03 1.309117e-01 1.773967e-03 2.260248e-02 4.767404e-04 1.240930e+00 4.928123e-02 3.699052e-03 1.619779e-04 2.184545e+00 6.734527e-02 9.452024e-04 3.168812e-05 1.739520e+00 3.829473e-02 2.356757e-01 3.312312e-03 7.286761e-02 1.565568e-03 4.240522e+00 2.680872e-02 9.638621e-03 3.137608e-04 1.731909e+00 3.458257e-02
8 8 2.000000e-01 1.433013e+00 1.679875e-01 2.829184e-03 2.146658e-01 3.606487e-03 4.022404e-02 1.095955e-03 6.617294e-02 1.792494e-03 3.028478e+00 1.236317e-01 -4.063942e+02 1.657782e+05 3.758618e-01 1.658526e-02 -nan -nan 5.186584e-02 5.828718e-03 1.157998e-01 1.745393e-03 1.826949e-02 4.321612e-04 1.146329e+00 4.457129e-02 3.521483e-03 1.607964e-04 2.150316e+00 6.505410e-02 6.638372e-04 2.531294e-05 1.865937e+00 4.494964e-02 2.052097e-01 3.152801e-03 5.709735e-02 1.360341e-03 3.661239e+00 2.017041e-02 6.421377e-03 2.362057e-04 1.852240e+00 4.075702e-02
8 8 2.000000e-01 1.494657e+00 1.653225e-01 2.875015e-03 2.112067e-01 3.664780e-03 3.887425e-02 1.093077e-03 6.390190e-02 1.787166e-03 2.974707e+00 1.175750e-01 -3.944374e+02 1.562079e+05 3.775708e-01 1.677290e-02 -nan -nan 5.128289e-02 5.835242e-03 1.021017e-01 1.686730e-03 1.463664e-02 3.856227e-04 1.022556e+00 3.975419e-02 3.281371e-03 1.551914e-04 2.123388e+00 6.115388e-02 4.588881e-04 1.989250e-05 1.995102e+00 5.145040e-02 1.771170e-01 2.989618e-03 4.394547e-02 1.172328e-03 3.158557e+00 1.515260e-02 4.099081e-03 1.745748e-04 2.000913e+00 4.967404e-02
8 8 2.000000e-01 1.558952e+00 1.613655e-01 2.891466e-03 2.060954e-01 3.685595e-03 3.697587e-02 1.079223e-03 6.072685e-02 1.763798e-03 2.866243e+00 1.114552e-01 -3.821590e+02 1.466699e+05 3.734393e-01 1.653508e-02 -nan -nan 5.134072e-02 5.810406e-03 8.979500e-02 1.606957e-03 1.163103e-02 3.365731e-04 8.870336e-01 3.471659e-02 2.973528e-03 1.472817e-04 2.133283e+00 6.071772e-02 3.091219e-04 1.499655e-05 2.132952e+00 6.075746e-02 1.536030e-01 2.785203e-03 3.375001e-02 9.859476e-04 2.633245e+00 1.045758e-02 2.552632e-03 1.229766e-04 2.104183e+00 5.553151e-02
8 8 2.000000e-01 1.626012e+00 1.556746e-01 2.880370e-03 1.987819e-01 3.671534e-03 3.461301e-02 1.051739e-03 5.680709e-02 1.718464e-03 2.718015e+00 1.051653e-01 -3.695435e+02 1.371815e+05 3.617422e-01 1.598517e-02 -nan -nan 5.151219e-02 5.824520e-03 7.893768e-02 1.519729e-03 9.200408e-03 2.929722e-04 7.608678e-01 3.033148e-02 2.653169e-03 1.389176e-04 2.163572e+00 6.240921e-02 2.059304e-04 1.138799e-05 2.264402e+00 6.832536e-02 1.318472e-01 2.554867e-03 2.538580e-02 8.155064e-04 2.135250e+00 7.153376e-03 1.535453e-03 8.521652e-05 2.237779e+00 6.512369e-02
8 8 2.000000e-01 1.695958e+00 1.479326e-01 2.835951e-03 1.888182e-01 3.614674e-03 3.144099e-02 9.991485e-04 5.153420e-02 1.631457e-03 2.520507e+00 9.709942e-02 -3.567111e+02 1.278639e+05 3.528029e-01 1.556592e-02 -nan -nan 5.018255e-02 5.824372e-03 6.987282e-02 1.418612e-03 7.310059e-03 2.509777e-04 6.350979e-01 2.594371e-02 2.228828e-03 1.236207e-04 2.205225e+00 6.401450e-02 1.359808e-04 8.412331e-06 2.378153e+00 7.777647e-02 1.134135e-01 2.324706e-03 1.907372e-02 6.639083e-04 1.694673e+00 4.800435e-03 9.048551e-04 5.710577e-05 2.360311e+00 7.354197e-02
8 8 2.000000e-01 1.768912e+00 1.406474e-01 2.765414e-03 1.794775e-01 3.524308e-03 2.859487e-02 9.396563e-04 4.683347e-02 1.533639e-03 2.293201e+00 8.827300e-02 -3.435359e+02 1.186525e+05 3.445794e-01 1.517175e-02 6.409281e-02 5.367078e-03 -nan 9.842067e-02 6.193672e-02 1.319640e-03 5.848185e-03 2.155944e-04 5.265170e-01 2.252257e-02 1.879373e-03 1.093486e-04 2.237703e+00 6.472116e-02 9.175931e-05 6.357090e-06 2.520321e+00 8.966736e-02 9.889626e-02 2.118949e-03 1.477822e-02 5.484318e-04 1.347854e+00 3.340561e-03 5.698737e-04 3.990238e-05 2.503025e+00 8.613501e-02
8 8 2.000000e-01 1.845005e+00 1.308699e-01 2.659027e-03 1.669430e-01 3.388872e-03 2.505021e-02 8.605294e-04 4.098943e-02 1.404131e-03 2.030875e+00 7.984078e-02 -3.303655e+02 1.097828e+05 3.293567e-01 1.456676e-02 6.408947e-02 5.448027e-03 -nan 1.506460e-01 5.572842e-02 1.220930e-03 4.756351e-03 1.839213e-04 4.298706e-01 1.930250e-02 1.488430e-03 9.226772e-05 2.314654e+00 7.019485e-02 6.191119e-05 4.717477e-06 2.615650e+00 9.976442e-02 8.712318e-02 1.911615e-03 1.153578e-02 4.497420e-04 1.048454e+00 2.306204e-03 3.593584e-04 2.791293e-05 2.610629e+00 9.666028e-02
8 8 2.000000e-01 1.924370e+00 1.215738e-01 2.528490e-03 1.550369e-01 3.222186e-03 2.181003e-02 7.766556e-04 3.565051e-02 1.266747e-03 1.758841e+00 7.120449e-02 -3.174488e+02 1.014206e+05 3.118048e-01 1.372225e-02 6.464546e-02 5.462694e-03 -nan 6.494704e-02 5.101948e-02 1.143939e-03 4.010444e-03 1.608275e-04 3.603072e-01 1.665504e-02 1.160685e-03 7.638222e-05 2.382376e+00 7.570853e-02 4.491764e-05 3.616761e-06 2.692581e+00 1.034008e-01 7.665031e-02 1.722883e-03 9.014650e-03 3.631723e-04 8.132693e-01 1.459524e-03 2.240670e-04 1.834628e-05 2.696128e+00 1.038495e-01
8 8 2.000000e-01 2.007150e+00 1.135481e-01 2.414178e-03 1.447709e-01 3.076043e-03 1.919493e-02 7.051995e-04 3.135231e-02 1.149685e-03 1.535240e+00 6.350435e-02 -3.045621e+02 9.342302e+04 2.994054e-01 1.322603e-02 6.668183e-02 5.487800e-03 -nan 1.112352e-03 4.672741e-02 1.062644e-03 3.378842e-03 1.393580e-04 2.972339e-01 1.430606e-02 9.224288e-04 6.364117e-05 2.441195e+00 7.872449e-02 3.253465e-05 2.802314e-06 2.767975e+00 1.152993e-01 6.907379e-02 1.580963e-03 7.401008e-03 3.077810e-04 6.568123e-01 1.039073e-03 1.567360e-04 1.368570e-05 2.794591e+00 1.161912e-01
8 8 2.000000e-01 2.093491e+00 1.053434e-01 2.284586e-03 1.342592e-01 2.910465e-03 1.666192e-02 6.312021e-04 2.718094e-02 1.028174e-03 1.315887e+00 5.617648e-02 -2.917982e+02 8.580758e+04 2.777941e-01 1.216935e-02 6.646549e-02 5.524501e-03 -nan 1.337424e-03 4.327702e-02 9.997080e-04 2.919226e-03 1.228626e-04 2.516900e-01 1.232124e-02 7.126965e-04 5.181641e-05 2.513238e+00 8.514856e-02 2.468192e-05 2.206979e-06 2.824638e+00 1.201793e-01 6.281273e-02 1.454876e-03 6.151275e-03 2.606537e-04 5.322777e-01 7.082921e-04 1.099844e-04 9.883289e-06 2.849179e+00 1.220100e-01
8 8 2.000000e-01 2.183546e+00 9.777630e-02 2.167941e-03 1.246007e-01 2.761536e-03 1.453017e-02 5.687080e-04 2.369427e-02 9.260754e-04 1.134981e+00 5.040156e-02 -2.794379e+02 7.875809e+04 2.624781e-01 1.147690e-02 6.695886e-02 5.566739e-03 -nan 2.747512e-02 4.077415e-02 9.455603e-04 2.591858e-03 1.102876e-04 2.153719e-01 1.076210e-02 5.607235e-04 4.345360e-05 2.602039e+00 9.532610e-02 1.955062e-05 1.795431e-06 2.864334e+00 1.270090e-01 5.807411e-02 1.355779e-03 5.277313e-03 2.268657e-04 4.427065e-01 5.098960e-04 8.207664e-05 7.637266e-06 2.892552e+00 1.286836e-01
8 8 2.000000e-01 2.277474e+00 9.096954e-02 2.028432e-03 1.158902e-01 2.583350e-03 1.259782e-02 5.023287e-04 2.052130e-02 8.174764e-04 9.516927e-01 4.355642e-02 -2.671070e+02 7.201600e+04 2.418337e-01 1.066848e-02 6.645624e-02 5.612330e-03 -nan 8.637992e-02 3.826305e-02 8.942430e-04 2.292464e-03 9.875994e-05 1.846360e-01 9.358244e-03 4.291423e-04 3.462019e-05 2.651444e+00 9.995757e-02 1.550700e-05 1.465799e-06 2.902993e+00 1.331333e-01 5.362427e-02 1.252880e-03 4.498225e-03 1.936916e-04 3.621140e-01 3.415669e-04 5.951494e-05 5.615072e-06 2.900672e+00 1.338127e-01
8 8 2.000000e-01 2.375443e+00 8.499634e-02 1.930975e-03 1.082636e-01 2.458955e-03 1.112006e-02 4.536704e-04 1.810288e-02 7.379685e-04 8.261944e-01 3.859315e-02 -2.554814e+02 6.593949e+04 2.241039e-01 9.892185e-03 6.665091e-02 5.663045e-03 -nan 1.765107e-02 3.658554e-02 8.510850e-04 2.084753e-03 8.981023e-05 1.599551e-01 8.201692e-03 3.424390e-04 2.842098e-05 2.719796e+00 1.038366e-01 1.272327e-05 1.225332e-06 2.902404e+00 1.356057e-01 5.003624e-02 1.169569e-03 3.908856e-03 1.694975e-04 3.018298e-01 2.434663e-04 4.493965e-05 4.307644e-06 2.929184e+00 1.366654e-01
8 8 2.000000e-01 2.477627e+00 7.958557e-02 1.819259e-03 1.013363e-01 2.316041e-03 9.764885e-03 4.037578e-04 1.587608e-02 6.559663e-04 7.017950e-01 3.344260e-02 -2.442604e+02 6.033258e+04 2.077637e-01 9.164765e-03 6.377023e-02 5.709882e-03 -nan 3.535392e-02 3.508438e-02 8.222063e-04 1.926115e-03 8.376296e-05 1.431174e-01 7.392695e-03 2.661107e-04 2.272583e-05 2.762409e+00 1.100432e-01 1.098589e-05 1.066642e-06 2.934256e+00 1.381460e-01 4.743065e-02 1.110339e-03 3.514804e-03 1.520104e-04 2.607249e-01 1.778577e-04 3.615429e-05 3.389240e-06 2.917968e+00 1.292094e-01
8 8 2.000000e-01 2.584206e+00 7.487381e-02 1.718146e-03 9.531758e-02 2.187094e-03 8.659105e-03 3.612645e-04 1.406988e-02 5.866964e-04 5.998392e-01 2.904964e-02 -2.332798e+02 5.508835e+04 1.912401e-01 8.447483e-03 6.298356e-02 5.769077e-03 -nan 2.933945e-04 3.374512e-02 7.932840e-04 1.785861e-03 7.790322e-05 1.277232e-01 6.598014e-03 2.113306e-04 1.856927e-05 2.790414e+00 1.165044e-01 9.480074e-06 9.162164e-07 2.946319e+00 1.358974e-01 4.501770e-02 1.062209e-03 3.183327e-03 1.397752e-04 2.287150e-01 1.435739e-04 3.022778e-05 2.987043e-06 2.975120e+00 1.449618e-01
8 8 2.000000e-01 2.695369e+00 7.093185e-02 1.644017e-03 9.028906e-02 2.092540e-03 7.819904e-03 3.314964e-04 1.270037e-02 5.382696e-04 5.263305e-01 2.603572e-02 -2.229842e+02 5.038646e+04 1.755199e-01 7.717905e-03 6.236982e-02 5.809997e-03 -nan 5.499203e-04 3.260757e-02 7.668572e-04 1.667240e-03 7.288581e-05 1.143459e-01 5.938997e-03 1.756598e-04 1.601943e-05 2.841132e+00 1.229032e-01 8.265675e-06 8.114254e-07 2.956929e+00 1.413337e-01 4.316879e-02 1.017971e-03 2.924723e-03 1.283826e-04 2.013354e-01 1.110407e-04 2.548273e-05 2.484840e-06 2.972201e+00 1.391508e-01
8 8 2.000000e-01 2.811315e+00 6.706264e-02 1.553381e-03 8.535330e-02 1.977009e-03 6.981519e-03 2.963793e-04 1.133390e-02 4.810574e-04 4.502065e-01 2.239022e-02 -2.129807e+02 4.601871e+04 1.603637e-01 7.065027e-03 6.293618e-02 5.840082e-03 -nan 6.147954e-04 3.193539e-02 7.475983e-04 1.593800e-03 6.960315e-05 1.042128e-01 5.458569e-03 1.398617e-04 1.287229e-05 2.848026e+00 1.256854e-01 7.545697e-06 7.502511e-07 2.952684e+00 1.445081e-01 4.150368e-02 9.736369e-04 2.693404e-03 1.178081e-04 1.765944e-01 8.574217e-05 2.151140e-05 2.093824e-06 2.957905e+00 1.374700e-01
8 8 2.000000e-01 2.932248e+00 6.420525e-02 1.494927e-03 8.170598e-02 1.902382e-03 6.420404e-03 2.744234e-04 1.041748e-02 4.451329e-04 3.996469e-01 1.998325e-02 -2.034324e+02 4.204020e+04 1.469792e-01 6.459400e-03 6.164641e-02 5.868149e-03 -nan 4.131747e-05 3.101849e-02 7.321734e-04 1.512180e-03 6.615264e-05 9.582563e-02 4.944236e-03 1.191427e-04 1.097524e-05 2.872488e+00 1.255702e-01 6.803216e-06 6.589471e-07 2.957056e+00 1.380622e-01 4.010757e-02 9.444193e-04 2.522151e-03 1.101782e-04 1.593264e-01 6.848792e-05 1.884549e-05 1.815030e-06 2.952513e+00 1.355471e-01
8 8 2.000000e-01 3.058383e+00 6.121853e-02 1.429099e-03 7.789907e-02 1.818476e-03 5.844812e-03 2.511641e-04 9.480914e-03 4.073384e-04 3.500088e-01 1.766473e-02 -1.944547e+02 3.845709e+04 1.333039e-01 5.880550e-03 5.984400e-02 5.859250e-03 -nan 6.724648e-01 3.046925e-02 7.186848e-04 1.458014e-03 6.433839e-05 8.848043e-02 4.682191e-03 9.926452e-05 9.277369e-06 2.891306e+00 1.292954e-01 6.390422e-06 6.461726e-07 2.992796e+00 1.497110e-01 3.903206e-02 9.189065e-04 2.387932e-03 1.045729e-04 1.445743e-01 5.666417e-05 1.692134e-05 1.622577e-06 2.962270e+00 1.338302e-01
8 8 2.000000e-01 3.189945e+00 5.867294e-02 1.367521e-03 7.465101e-02 1.739968e-03 5.361546e-03 2.307239e-04 8.693272e-03 3.740905e-04 3.072590e-01 1.560783e-02 -1.857612e+02 3.514654e+04 1.216554e-01 5.420414e-03 6.158632e-02 5.888833e-03 -nan 1.826804e-01 2.978893e-02 7.009094e-04 1.391423e-03 6.096897e-05 8.072875e-02 4.208176e-03 8.365761e-05 7.915595e-06 2.895155e+00 1.318131e-01 5.774318e-06 5.687827e-07 2.962711e+00 1.412998e-01 3.803589e-02 8.930140e-04 2.263083e-03 9.886041e-05 1.309007e-01 4.690297e-05 1.515342e-05 1.500721e-06 2.952862e+00 1.434174e-01
8 8 2.000000e-01 3.327165e+00 5.648235e-02 1.325059e-03 7.185957e-02 1.685785e-03 4.990403e-03 2.169902e-04 8.089229e-03 3.517421e-04 2.764478e-01 1.423903e-02 -1.776028e+02 3.217748e+04 1.111554e-01 4.893137e-03 5.967782e-02 5.877723e-03 -nan 2.594849e-01 2.941010e-02 6.935083e-04 1.357843e-03 5.961454e-05 7.572726e-02 3.947103e-03 7.337614e-05 7.127988e-06 2.935901e+00 1.391260e-01 5.500023e-06 5.374383e-07 2.971426e+00 1.392247e-01 3.733543e-02 8.867560e-04 2.199313e-03 9.765705e-05 1.237848e-01 4.327903e-05 1.463724e-05 1.455623e-06 3.016660e+00 1.441294e-01
8 8 2.000000e-01 3.470288e+00 5.457264e-02 1.277949e-03 6.942150e-02 1.625772e-03 4.651341e-03 2.013896e-04 7.536743e-03 3.263186e-04 2.465008e-01 1.258894e-02 -1.697106e+02 2.943480e+04 1.019554e-01 4.499827e-03 6.253139e-02 5.873912e-03 -nan 1.357435e+00 2.906639e-02 6.827579e-04 1.322987e-03 5.791055e-05 7.038663e-02 3.670570e-03 6.332757e-05 6.032302e-06 2.918713e+00 1.334439e-01 5.206579e-06 5.073447e-07 2.961442e+00 1.380030e-01 3.629257e-02 8.612139e-04 2.076833e-03 9.224425e-05 1.119521e-01 3.575909e-05 1.306214e-05 1.330983e-06 3.017848e+00 1.529340e-01
8 8 2.000000e-01 3.619568e+00 5.285175e-02 1.242730e-03 6.723473e-02 1.580987e-03 4.376032e-03 1.920204e-04 7.091409e-03 3.111790e-04 2.235066e-01 1.171432e-02 -1.624345e+02 2.701312e+04 9.300376e-02 4.118112e-03 6.028189e-02 5.890505e-03 -nan 1.125381e+00 2.885014e-02 6.814255e-04 1.308033e-03 5.756511e-05 6.719717e-02 3.517482e-03 5.708213e-05 5.659827e-06 2.970027e+00 1.441016e-01 5.120081e-06 5.077546e-07 2.981573e+00 1.441419e-01 3.606888e-02 8.492999e-04 2.039671e-03 8.958116e-05 1.043506e-01 2.988601e-05 1.239924e-05 1.210478e-06 2.975675e+00 1.407292e-01
8 8 2.000000e-01 3.775270e+00 5.108727e-02 1.198684e-03 6.498233e-02 1.524667e-03 4.081773e-03 1.772959e-04 6.610734e-03 2.871383e-04 1.993734e-01 1.020429e-02 -1.552749e+02 2.472888e+04 8.429867e-02 3.733188e-03 5.947848e-02 5.863730e-03 -nan 6.854731e-01 2.845047e-02 6.718402e-04 1.272269e-03 5.612181e-05 6.264113e-02 3.299977e-03 4.898210e-05 4.676173e-06 2.929274e+00 1.340706e-01 4.862978e-06 4.878123e-07 2.990815e+00 1.482383e-01 3.559792e-02 8.382992e-04 1.986275e-03 8.697392e-05 9.744295e-02 2.596522e-05 1.169895e-05 1.156980e-06 2.963091e+00 1.434461e-01
8 8 2.000000e-01 3.937669e+00 4.940914e-02 1.165700e-03 6.284533e-02 1.482719e-03 3.833668e-03 1.688492e-04 6.208350e-03 2.734397e-04 1.807618e-01 9.489898e-03 -1.485319e+02 2.268130e+04 7.760431e-02 3.413596e-03 5.851220e-02 5.860893e-03 -nan 5.103509e-01 2.831917e-02 6.694586e-04 1.261262e-03 5.582155e-05 5.962224e-02 3.163567e-03 4.400619e-05 4.334444e-06 2.985303e+00 1.421224e-01 4.795252e-06 4.863746e-07 3.006168e+00 1.510301e-01 3.507988e-02 8.279985e-04 1.933082e-03 8.535212e-05 9.118941e-02 2.353085e-05 1.122919e-05 1.135393e-06 2.996440e+00 1.502442e-01
8 8 2.000000e-01 4.107054e+00 4.855358e-02 1.136084e-03 6.175740e-02 1.445056e-03 3.679053e-03 1.595800e-04 5.958051e-03 2.584360e-04 1.645751e-01 8.442233e-03 -1.421997e+02 2.083038e+04 7.020489e-02 3.103015e-03 5.826189e-02 5.853623e-03 -nan 8.770475e-01 2.817829e-02 6.665529e-04 1.249391e-03 5.523653e-05 5.667134e-02 2.987553e-03 3.968368e-05 3.784261e-06 2.925759e+00 1.331150e-01 4.701888e-06 4.685244e-07 2.998558e+00 1.450305e-01 3.453789e-02 8.162672e-04 1.874902e-03 8.298386e-05 8.496322e-02 2.060346e-05 1.059349e-05 1.073087e-06 3.005264e+00 1.494399e-01
8 8 2.000000e-01 4.283725e+00 4.725555e-02 1.116560e-03 6.009906e-02 1.420090e-03 3.509592e-03 1.545790e-04 5.681122e-03 2.502676e-04 1.524165e-01 7.988616e-03 -1.360126e+02 1.910926e+04 6.464225e-02 2.868764e-03 5.549945e-02 5.841198e-03 -nan 6.585253e+04 2.819344e-02 6.668092e-04 1.250678e-03 5.539372e-05 5.437523e-02 2.889255e-03 3.686832e-05 3.662699e-06 2.985077e+00 1.443719e-01 4.723900e-06 4.775237e-07 3.007581e+00 1.490807e-01 3.438545e-02 8.081704e-04 1.851078e-03 8.139032e-05 7.984049e-02 1.787140e-05 1.022473e-05 1.024296e-06 2.979085e+00 1.473160e-01
8 8 2.000000e-01 4.467996e+00 4.600231e-02 1.081044e-03 5.851227e-02 1.374980e-03 3.313439e-03 1.448408e-04 5.365610e-03 2.345787e-04 1.369910e-01 7.110658e-03 -1.301126e+02 1.753513e+04 5.903501e-02 2.610264e-03 5.418229e-02 5.845065e-03 -nan 1.498658e+04 2.817402e-02 6.604680e-04 1.240958e-03 5.406701e-05 5.114512e-02 2.651031e-03 3.254631e-05 3.154474e-06 2.955346e+00 1.365775e-01 4.547796e-06 4.468520e-07 2.942568e+00 1.420534e-01 3.406219e-02 7.967815e-04 1.810549e-03 7.926170e-05 7.441105e-02 1.555421e-05 9.730945e-06 9.802662e-07 2.962959e+00 1.487455e-01
8 8 2.000000e-01 4.660194e+00 4.510296e-02 1.063409e-03 5.736287e-02 1.352467e-03 3.191935e-03 1.398046e-04 5.167145e-03 2.263111e-04 1.270619e-01 6.590246e-03 -1.245159e+02 1.610726e+04 5.402482e-02 2.389036e-03 5.395355e-02 5.842830e-03 -nan -nan 2.802662e-02 6.573300e-04 1.228312e-03 5.381297e-05 4.857646e-02 2.555412e-03 3.024040e-05 2.955866e-06 2.964189e+00 1.415815e-01 4.490314e-06 4.516555e-07 2.964065e+00 1.478373e-01 3.362839e-02 7.948823e-04 1.778023e-03 7.810795e-05 7.100013e-02 1.381001e-05 9.430845e-06 9.314878e-07 2.976534e+00 1.444738e-01
8 8 2.000000e-01 4.860660e+00 4.431442e-02 1.038042e-03 5.636062e-02 1.320303e-03 3.067473e-03 1.333303e-04 4.966309e-03 2.158775e-04 1.160989e-01 5.981213e-03 -1.192466e+02 1.481724e+04 4.922765e-02 2.179846e-03 5.609211e-02 5.892833e-03 -nan -nan 2.791920e-02 6.604424e-04 1.226370e-03 5.417556e-05 4.700209e-02 2.475537e-03 2.767237e-05 2.659811e-06 2.933621e+00 1.351839e-01 4.521990e-06 4.518373e-07 2.997520e+00 1.465412e-01 3.372055e-02 7.964031e-04 1.786480e-03 7.896259e-05 6.831909e-02 1.322650e-05 9.590637e-06 9.668960e-07 3.001627e+00 1.492171e-01
8 8 2.000000e-01 5.069749e+00 4.333168e-02 1.019840e-03 5.510231e-02 1.296860e-03 2.942481e-03 1.289592e-04 4.760517e-03 2.086393e-04 1.074373e-01 5.602712e-03 -1.141309e+02 1.362043e+04 4.504362e-02 1.995347e-03 5.184665e-02 5.827238e-03 -nan -nan 2.793839e-02 6.606079e-04 1.227565e-03 5.426282e-05 4.508662e-02 2.382181e-03 2.574305e-05 2.544880e-06 2.964218e+00 1.427635e-01 4.533713e-06 4.547263e-07 2.999204e+00 1.471905e-01 3.334579e-02 7.835673e-04 1.740244e-03 7.613988e-05 6.340681e-02 1.110680e-05 8.978868e-06 8.977772e-07 2.958354e+00 1.455924e-01
8 8 2.000000e-01 5.287832e+00 4.258366e-02 9.996776e-04 5.415286e-02 1.271181e-03 2.836570e-03 1.240740e-04 4.589355e-03 2.007275e-04 9.896513e-02 5.155003e-03 -1.092638e+02 1.253242e+04 4.136067e-02 1.840874e-03 5.142371e-02 5.838049e-03 -nan -nan 2.795238e-02 6.610403e-04 1.229294e-03 5.451956e-05 4.329927e-02 2.309112e-03 2.385986e-05 2.325865e-06 2.958137e+00 1.384321e-01 4.571958e-06 4.686026e-07 3.012855e+00 1.545181e-01 3.314117e-02 7.833470e-04 1.726569e-03 7.627337e-05 6.076350e-02 1.029456e-05 8.948582e-06 8.868639e-07 2.997786e+00 1.449599e-01
8 8 2.000000e-01 5.515296e+00 4.195099e-02 9.930772e-04 5.335205e-02 1.262941e-03 2.769685e-03 1.227023e-04 4.482785e-03 1.986073e-04 9.363397e-02 4.966496e-03 -1.047081e+02 1.156049e+04 3.818982e-02 1.695096e-03 5.118881e-02 5.808923e-03 -nan 0.000000e+00 2.786331e-02 6.586255e-04 1.220742e-03 5.384408e-05 4.119743e-02 2.162564e-03 2.313288e-05 2.359827e-06 3.009319e+00 1.533551e-01 4.472453e-06 4.450043e-07 2.990348e+00 1.445594e-01 3.297913e-02 7.800374e-04 1.710675e-03 7.567086e-05 5.777408e-02 9.455313e-06 8.814721e-06 8.986270e-07 2.999889e+00 1.515078e-01
8 8 2.000000e-01 5.752545e+00 4.134460e-02 9.736335e-04 5.257713e-02 1.238212e-03 2.679891e-03 1.178191e-04 4.336619e-03 1.906449e-04 8.630234e-02 4.530603e-03 -1.003858e+02 1.067417e+04 3.511703e-02 1.551335e-03 5.173725e-02 5.826833e-03 -nan 0.000000e+00 2.786030e-02 6.598532e-04 1.222325e-03 5.411153e-05 3.964636e-02 2.092686e-03 2.143282e-05 2.111109e-06 2.976848e+00 1.411224e-01 4.503968e-06 4.482154e-07 3.006183e+00 1.455251e-01 3.275322e-02 7.721860e-04 1.683302e-03 7.454970e-05 5.427945e-02 8.496737e-06 8.543107e-06 8.788016e-07 3.007046e+00 1.549381e-01
8 8 2.000000e-01 6.000000e+00 4.068295e-02 9.591935e-04 5.173468e-02 1.219685e-03 2.597033e-03 1.140473e-04 4.201504e-03 1.844733e-04 8.029587e-02 4.193643e-03 -9.580241e+01 9.769158e+03 3.194875e-02 1.419120e-03 5.003067e-02 5.820877e-03 -nan 0.000000e+00 2.797779e-02 6.577505e-04 1.226147e-03 5.400208e-05 3.777178e-02 2.000558e-03 2.009393e-05 1.969470e-06 2.973943e+00 1.405124e-01 4.503311e-06 4.498139e-07 2.984990e+00 1.449689e-01 3.273102e-02 7.747902e-04 1.686110e-03 7.446560e-05 5.239756e-02 7.687453e-06 8.543287e-06 8.687311e-07 2.994743e+00 1.512418e-01
