# idx_disorder = 32 of disorder_steps = 50
# L = 12
# Lz = 12
# disorder_filling = 5.000000e-01
# J33 = 2.000000e-01
# J34 = -1.000000e+00
# J44 = -1.000000e+00
# T_min = 5.000000e-01
# T_max = 0.000000e+00
# T_steps = 60
# disorder_steps = 50
# mc_bins = 512
# mc_binsize = 40
# thermalization_bins = 512
# seed_disorder = 1
# seed_mc = 3961
# disorder averaged number of filled sites = 9.926662e-01
# 1: L; 2: Lz; 3: disorder_filling; 4: temperature; 5: magnetization1; 6: sigma_magnetization1; 7: magnetization2; 8: sigma_magnetization2; 9: magnetization1_squared; 10: sigma_magnetization1_squared; 11: magnetization2_squared; 12: sigma_magnetization2_squared; 13: chi_magnetization1; 14: sigma_chi_magnetization1; 15: energy; 16: energy_squared; 17: specific_heat; 18: sigma_specific_heat; 19: xi_a; 20: sigma_xi_a; 21: xi_b; 22: sigma_xi_b; 23: magnetization AF; 24: sigma_magnetizationAF; 25: magnetizationAF_squared; 26: sigma_magnetizationAF_squared; 27: chi_magnetizationAF; 28: sigma_chi_magnetizationAF; 29: magnetization_four; 30: sigma_magnetization_four; 31: binder_ratio; 32: sigma_binder_ratio; 33: magnetizationAF_four; 34: sigma_magnetizationAF_four; 35: binder_ratioAF; 36: sigma_binder_ratioAF; 37:magnetization_replica; 38: sigma_magnetization_replica; 39:magnetization_replica_squared; 40: sigma_magnetization_replica_squared; 41:chi_magnetization_replica; 42: sigma_chi_magnetization_replica; 43:magnetization_replica_four; 44: sigma_magnetization_replica_four; 45:binder_ratio_replica; 46: sigma_binder_ratio_replica;  
12 12 5.000000e-01 5.000000e-01 9.531715e-01 2.116057e-04 9.603492e-01 2.131915e-04 9.085755e-01 4.032836e-04 9.223129e-01 4.093518e-04 7.924759e-02 4.953321e-03 -3.639770e+03 1.324860e+07 2.139944e-02 1.525761e-03 0.000000e+00 0.000000e+00 0.000000e+00 0.000000e+00 6.608306e-03 1.888617e-04 6.816811e-05 3.357706e-06 6.479479e-02 4.227936e-03 8.256528e-01 7.325212e-04 1.000101e+00 6.312825e-06 1.346155e-08 1.259191e-09 2.575465e+00 1.430826e-01 9.469350e-01 2.447953e-04 8.967375e-01 4.634598e-04 1.061229e-01 4.543666e-05 8.043229e-01 8.308026e-04 1.000137e+00 8.610762e-06
12 12 5.000000e-01 5.215083e-01 9.526603e-01 2.159069e-04 9.598341e-01 2.175256e-04 9.076017e-01 4.112822e-04 9.213244e-01 4.174734e-04 7.905684e-02 4.942013e-03 -3.638923e+03 1.324244e+07 2.385239e-02 1.651235e-03 0.000000e+00 0.000000e+00 0.000000e+00 0.000000e+00 6.638138e-03 1.912702e-04 6.896222e-05 3.446991e-06 6.355636e-02 4.228736e-03 8.238862e-01 7.463305e-04 1.000105e+00 6.578382e-06 1.385302e-08 1.334067e-09 2.634505e+00 1.509013e-01 9.459809e-01 2.488363e-04 8.949322e-01 4.706127e-04 1.049716e-01 4.310445e-05 8.010907e-01 8.418447e-04 1.000142e+00 8.798313e-06
12 12 5.000000e-01 5.439418e-01 9.521749e-01 2.169836e-04 9.593449e-01 2.186107e-04 9.066774e-01 4.131145e-04 9.203855e-01 4.193342e-04 7.658659e-02 4.775019e-03 -3.637941e+03 1.323530e+07 2.646952e-02 1.820816e-03 0.000000e+00 0.000000e+00 0.000000e+00 0.000000e+00 6.618992e-03 1.907604e-04 6.848509e-05 3.406135e-06 6.077324e-02 3.977173e-03 8.222099e-01 7.488631e-04 1.000106e+00 6.635005e-06 1.359614e-08 1.276129e-09 2.609759e+00 1.512847e-01 9.451775e-01 2.529143e-04 8.934137e-01 4.779346e-04 1.039498e-01 4.162851e-05 7.983780e-01 8.535490e-04 1.000147e+00 9.043522e-06
12 12 5.000000e-01 5.673403e-01 9.515955e-01 2.186789e-04 9.587611e-01 2.203188e-04 9.055749e-01 4.160606e-04 9.192663e-01 4.223253e-04 7.452174e-02 4.629126e-03 -3.636821e+03 1.322715e+07 2.897108e-02 1.973057e-03 0.000000e+00 0.000000e+00 0.000000e+00 0.000000e+00 6.657387e-03 1.917529e-04 6.940471e-05 3.460930e-06 5.883491e-02 3.895744e-03 8.202139e-01 7.531858e-04 1.000108e+00 6.714911e-06 1.405143e-08 1.357874e-09 2.615213e+00 1.570960e-01 9.441173e-01 2.562119e-04 8.914123e-01 4.835933e-04 1.023862e-01 4.169013e-05 7.948110e-01 8.616248e-04 1.000151e+00 9.415255e-06
12 12 5.000000e-01 5.917453e-01 9.509497e-01 2.212932e-04 9.581104e-01 2.229519e-04 9.043466e-01 4.207475e-04 9.180194e-01 4.270794e-04 7.321229e-02 4.539469e-03 -3.635497e+03 1.321753e+07 3.193893e-02 2.104114e-03 0.000000e+00 0.000000e+00 0.000000e+00 0.000000e+00 6.700167e-03 1.935177e-04 6.996934e-05 3.483900e-06 5.737433e-02 3.697804e-03 8.179925e-01 7.606337e-04 1.000111e+00 6.879303e-06 1.416237e-08 1.325725e-09 2.569884e+00 1.354587e-01 9.429654e-01 2.557395e-04 8.892378e-01 4.821510e-04 9.774818e-02 3.732111e-05 7.909364e-01 8.570899e-04 1.000151e+00 9.341041e-06
12 12 5.000000e-01 6.172002e-01 9.502209e-01 2.238044e-04 9.573761e-01 2.254820e-04 9.029614e-01 4.252167e-04 9.166131e-01 4.316163e-04 7.178627e-02 4.489473e-03 -3.634052e+03 1.320703e+07 3.463348e-02 2.333159e-03 0.000000e+00 0.000000e+00 0.000000e+00 0.000000e+00 6.733596e-03 1.961681e-04 7.093074e-05 3.570006e-06 5.655311e-02 3.712760e-03 8.154900e-01 7.676135e-04 1.000114e+00 7.106646e-06 1.455530e-08 1.428614e-09 2.607681e+00 1.538040e-01 9.416370e-01 2.639090e-04 8.867374e-01 4.968494e-04 9.975413e-02 3.814902e-05 7.865062e-01 8.807294e-04 1.000161e+00 9.877227e-06
12 12 5.000000e-01 6.437500e-01 9.494180e-01 2.299764e-04 9.565670e-01 2.317005e-04 9.014373e-01 4.365654e-04 9.150653e-01 4.431363e-04 7.264901e-02 4.551128e-03 -3.632307e+03 1.319436e+07 3.829103e-02 2.521642e-03 0.000000e+00 0.000000e+00 0.000000e+00 0.000000e+00 6.776444e-03 1.965486e-04 7.127440e-05 3.578902e-06 5.427571e-02 3.528592e-03 8.127434e-01 7.867425e-04 1.000120e+00 7.524936e-06 1.450373e-08 1.385702e-09 2.587040e+00 1.441422e-01 9.401274e-01 2.699909e-04 8.838973e-01 5.075166e-04 1.001001e-01 4.085060e-05 7.814784e-01 8.968839e-04 1.000169e+00 1.067331e-05
12 12 5.000000e-01 6.714419e-01 9.485528e-01 2.331090e-04 9.556951e-01 2.348636e-04 8.997968e-01 4.420854e-04 9.133993e-01 4.487658e-04 7.153631e-02 4.494632e-03 -3.630426e+03 1.318071e+07 4.158230e-02 2.715368e-03 0.000000e+00 0.000000e+00 0.000000e+00 0.000000e+00 6.776170e-03 1.995844e-04 7.208164e-05 3.688494e-06 5.367485e-02 3.558390e-03 8.097936e-01 7.951603e-04 1.000124e+00 7.766065e-06 1.523209e-08 1.490253e-09 2.663095e+00 1.633311e-01 9.385581e-01 2.787633e-04 8.809527e-01 5.230570e-04 1.022425e-01 4.082982e-05 7.762940e-01 9.210110e-04 1.000180e+00 1.119991e-05
12 12 5.000000e-01 7.003251e-01 9.475673e-01 2.375091e-04 9.547023e-01 2.392914e-04 8.979288e-01 4.499474e-04 9.115035e-01 4.567265e-04 7.121395e-02 4.462223e-03 -3.628299e+03 1.316528e+07 4.481987e-02 2.934635e-03 0.000000e+00 0.000000e+00 0.000000e+00 0.000000e+00 6.846042e-03 2.016160e-04 7.338036e-05 3.758332e-06 5.262045e-02 3.469472e-03 8.064374e-01 8.075717e-04 1.000129e+00 8.055316e-06 1.576469e-08 1.567351e-09 2.647163e+00 1.626761e-01 9.367770e-01 2.828941e-04 8.776137e-01 5.297941e-04 1.009586e-01 4.089609e-05 7.704251e-01 9.293260e-04 1.000187e+00 1.174085e-05
12 12 5.000000e-01 7.304506e-01 9.464883e-01 2.406663e-04 9.536150e-01 2.424734e-04 8.958861e-01 4.554205e-04 9.094295e-01 4.622863e-04 7.005929e-02 4.395816e-03 -3.625849e+03 1.314751e+07 4.830164e-02 3.176334e-03 0.000000e+00 0.000000e+00 0.000000e+00 0.000000e+00 6.900124e-03 2.047732e-04 7.458346e-05 3.855755e-06 5.185536e-02 3.431932e-03 8.027767e-01 8.155779e-04 1.000132e+00 8.294223e-06 1.624454e-08 1.627261e-09 2.664375e+00 1.594710e-01 9.348169e-01 2.914130e-04 8.739481e-01 5.446431e-04 1.027649e-01 4.019974e-05 7.640135e-01 9.515147e-04 1.000199e+00 1.219595e-05
12 12 5.000000e-01 7.618721e-01 9.452747e-01 2.476302e-04 9.523923e-01 2.494851e-04 8.935920e-01 4.680015e-04 9.071005e-01 4.750395e-04 7.113002e-02 4.442038e-03 -3.623057e+03 1.312728e+07 5.200245e-02 3.360142e-03 0.000000e+00 0.000000e+00 0.000000e+00 0.000000e+00 6.880635e-03 2.041684e-04 7.437129e-05 3.830142e-06 4.958689e-02 3.247238e-03 7.986771e-01 8.359802e-04 1.000140e+00 8.765296e-06 1.632505e-08 1.620250e-09 2.633693e+00 1.462553e-01 9.326043e-01 2.979622e-04 8.698177e-01 5.554317e-04 1.029235e-01 4.247877e-05 7.568153e-01 9.653255e-04 1.000209e+00 1.313127e-05
12 12 5.000000e-01 7.946452e-01 9.440185e-01 2.515216e-04 9.511267e-01 2.534144e-04 8.912198e-01 4.747122e-04 9.046926e-01 4.818846e-04 7.028589e-02 4.440146e-03 -3.620036e+03 1.310542e+07 5.570546e-02 3.574583e-03 0.000000e+00 0.000000e+00 0.000000e+00 0.000000e+00 7.040758e-03 2.113849e-04 7.805133e-05 4.115958e-06 5.112144e-02 3.420834e-03 7.944463e-01 8.456812e-04 1.000145e+00 9.159919e-06 1.827496e-08 1.898374e-09 2.682430e+00 1.614945e-01 9.302404e-01 3.027059e-04 8.654161e-01 5.629892e-04 1.017810e-01 4.078316e-05 7.491832e-01 9.740170e-04 1.000216e+00 1.350836e-05
12 12 5.000000e-01 8.288282e-01 9.425833e-01 2.567828e-04 9.496804e-01 2.587119e-04 8.885138e-01 4.838746e-04 9.019448e-01 4.911725e-04 7.027507e-02 4.467419e-03 -3.616560e+03 1.308027e+07 6.073313e-02 3.992652e-03 0.000000e+00 0.000000e+00 0.000000e+00 0.000000e+00 7.137037e-03 2.141800e-04 7.976288e-05 4.208140e-06 4.996822e-02 3.354488e-03 7.896358e-01 8.592856e-04 1.000152e+00 9.639661e-06 1.863288e-08 1.906689e-09 2.705463e+00 1.599041e-01 9.276645e-01 3.123305e-04 8.606326e-01 5.793829e-04 1.038570e-01 4.140831e-05 7.409332e-01 9.971983e-04 1.000232e+00 1.430509e-05
12 12 5.000000e-01 8.644815e-01 9.410795e-01 2.631356e-04 9.481653e-01 2.651105e-04 8.856821e-01 4.950636e-04 8.990707e-01 5.025233e-04 7.078586e-02 4.445274e-03 -3.612667e+03 1.305215e+07 6.537598e-02 4.124545e-03 0.000000e+00 0.000000e+00 0.000000e+00 0.000000e+00 7.136078e-03 2.148505e-04 7.954128e-05 4.220896e-06 4.827778e-02 3.225756e-03 7.846151e-01 8.763846e-04 1.000160e+00 1.003903e-05 1.854325e-08 1.949436e-09 2.675154e+00 1.586452e-01 9.248357e-01 3.189286e-04 8.553938e-01 5.896648e-04 1.038686e-01 4.374703e-05 7.319468e-01 1.008209e-03 1.000243e+00 1.534248e-05
12 12 5.000000e-01 9.016685e-01 9.393656e-01 2.695975e-04 9.464383e-01 2.716221e-04 8.824608e-01 5.063441e-04 8.957997e-01 5.139778e-04 7.116776e-02 4.519488e-03 -3.608376e+03 1.302119e+07 6.983187e-02 4.492633e-03 0.000000e+00 0.000000e+00 0.000000e+00 0.000000e+00 7.235132e-03 2.200347e-04 8.227489e-05 4.451419e-06 4.849695e-02 3.344818e-03 7.789244e-01 8.932712e-04 1.000168e+00 1.068137e-05 2.031534e-08 2.250259e-09 2.750235e+00 1.825725e-01 9.218976e-01 3.299819e-04 8.499730e-01 6.082355e-04 1.066266e-01 4.501932e-05 7.227181e-01 1.033635e-03 1.000262e+00 1.639014e-05
12 12 5.000000e-01 9.404552e-01 9.375531e-01 2.764800e-04 9.446123e-01 2.785547e-04 8.790615e-01 5.182599e-04 8.923497e-01 5.260674e-04 7.180625e-02 4.459436e-03 -3.603605e+03 1.298680e+07 7.316621e-02 4.719831e-03 0.000000e+00 0.000000e+00 0.000000e+00 0.000000e+00 7.322849e-03 2.243732e-04 8.431719e-05 4.593764e-06 4.823935e-02 3.332447e-03 7.729446e-01 9.107435e-04 1.000178e+00 1.104016e-05 2.123113e-08 2.384607e-09 2.763410e+00 1.792369e-01 9.185503e-01 3.332192e-04 8.438142e-01 6.118635e-04 1.042713e-01 4.275816e-05 7.122901e-01 1.031903e-03 1.000269e+00 1.675893e-05
12 12 5.000000e-01 9.809104e-01 9.355915e-01 2.838292e-04 9.426358e-01 2.859629e-04 8.753891e-01 5.308702e-04 8.886211e-01 5.388820e-04 7.249503e-02 4.503802e-03 -3.598199e+03 1.294789e+07 7.951857e-02 5.001150e-03 0.000000e+00 0.000000e+00 0.000000e+00 0.000000e+00 7.400598e-03 2.274228e-04 8.654175e-05 4.723509e-06 4.764387e-02 3.254064e-03 7.665077e-01 9.288290e-04 1.000188e+00 1.167689e-05 2.275521e-08 2.483905e-09 2.754878e+00 1.636756e-01 9.149912e-01 3.493683e-04 8.372939e-01 6.391422e-04 1.098802e-01 4.675177e-05 7.013451e-01 1.069975e-03 1.000298e+00 1.846001e-05
12 12 5.000000e-01 1.023106e+00 9.335022e-01 2.900226e-04 9.405307e-01 2.922031e-04 8.714858e-01 5.412738e-04 8.846588e-01 5.494436e-04 7.257892e-02 4.537107e-03 -3.592366e+03 1.290598e+07 8.415746e-02 5.475658e-03 0.000000e+00 0.000000e+00 0.000000e+00 0.000000e+00 7.483314e-03 2.307554e-04 8.814881e-05 4.830008e-06 4.695612e-02 3.204326e-03 7.596946e-01 9.429273e-04 1.000197e+00 1.232234e-05 2.329713e-08 2.613126e-09 2.748538e+00 1.751434e-01 9.113474e-01 3.560174e-04 8.306427e-01 6.485939e-04 1.093456e-01 4.822554e-05 6.902609e-01 1.076808e-03 1.000312e+00 1.966829e-05
12 12 5.000000e-01 1.067116e+00 9.310456e-01 2.989227e-04 9.380555e-01 3.011676e-04 8.669083e-01 5.563624e-04 8.800114e-01 5.647503e-04 7.393040e-02 4.635135e-03 -3.585673e+03 1.285797e+07 9.099140e-02 5.876862e-03 0.000000e+00 0.000000e+00 0.000000e+00 0.000000e+00 7.616961e-03 2.367557e-04 9.131060e-05 5.053801e-06 4.735182e-02 3.225596e-03 7.517463e-01 9.639478e-04 1.000211e+00 1.319088e-05 2.498582e-08 2.818807e-09 2.755255e+00 1.686842e-01 9.070718e-01 3.687872e-04 8.228735e-01 6.686705e-04 1.124878e-01 4.883970e-05 6.774305e-01 1.099652e-03 1.000338e+00 2.087680e-05
12 12 5.000000e-01 1.113020e+00 9.286698e-01 3.062768e-04 9.356619e-01 3.085819e-04 8.624925e-01 5.685830e-04 8.755291e-01 5.771738e-04 7.440108e-02 4.664518e-03 -3.578532e+03 1.280684e+07 9.548901e-02 6.119647e-03 0.000000e+00 0.000000e+00 0.000000e+00 0.000000e+00 7.746361e-03 2.406758e-04 9.402732e-05 5.227203e-06 4.681794e-02 3.212637e-03 7.441165e-01 9.800680e-04 1.000222e+00 1.391820e-05 2.626981e-08 2.998358e-09 2.772322e+00 1.835532e-01 9.028616e-01 3.782070e-04 8.152566e-01 6.825718e-04 1.133665e-01 4.957411e-05 6.649605e-01 1.112150e-03 1.000358e+00 2.214564e-05
12 12 5.000000e-01 1.160898e+00 9.258830e-01 3.154814e-04 9.328540e-01 3.178577e-04 8.573270e-01 5.839037e-04 8.702854e-01 5.927330e-04 7.568425e-02 4.798640e-03 -3.570153e+03 1.274699e+07 1.019924e-01 6.519191e-03 0.000000e+00 0.000000e+00 0.000000e+00 0.000000e+00 7.916109e-03 2.477967e-04 9.846980e-05 5.490253e-06 4.751809e-02 3.228210e-03 7.352414e-01 1.000438e-03 1.000237e+00 1.502373e-05 2.875718e-08 3.249133e-09 2.765310e+00 1.667580e-01 8.980774e-01 3.945020e-04 8.066474e-01 7.081754e-04 1.182587e-01 5.734067e-05 6.510161e-01 1.141647e-03 1.000394e+00 2.512423e-05
12 12 5.000000e-01 1.210836e+00 9.229283e-01 3.246658e-04 9.298769e-01 3.271080e-04 8.518681e-01 5.990221e-04 8.647434e-01 6.080680e-04 7.688831e-02 4.780538e-03 -3.561052e+03 1.268214e+07 1.092073e-01 7.018853e-03 0.000000e+00 0.000000e+00 0.000000e+00 0.000000e+00 7.971835e-03 2.516736e-04 1.002692e-04 5.705128e-06 4.701617e-02 3.288099e-03 7.259224e-01 1.019941e-03 1.000253e+00 1.571837e-05 3.067647e-08 3.627011e-09 2.818785e+00 1.802530e-01 8.930582e-01 4.050623e-04 7.976625e-01 7.231531e-04 1.195893e-01 5.678345e-05 6.366144e-01 1.153096e-03 1.000420e+00 2.633164e-05
12 12 5.000000e-01 1.262922e+00 9.196628e-01 3.363613e-04 9.265869e-01 3.388883e-04 8.458553e-01 6.183109e-04 8.586400e-01 6.276366e-04 7.908359e-02 5.054306e-03 -3.550765e+03 1.260903e+07 1.170430e-01 7.463888e-03 0.000000e+00 0.000000e+00 0.000000e+00 0.000000e+00 8.093323e-03 2.554470e-04 1.030652e-04 5.827891e-06 4.644950e-02 3.177762e-03 7.157267e-01 1.045063e-03 1.000273e+00 1.744352e-05 3.181661e-08 3.684408e-09 2.777879e+00 1.688009e-01 8.875748e-01 4.146357e-04 7.879036e-01 7.355755e-04 1.201412e-01 5.832613e-05 6.211522e-01 1.158196e-03 1.000446e+00 2.818750e-05
12 12 5.000000e-01 1.317249e+00 9.162561e-01 3.475912e-04 9.231544e-01 3.502062e-04 8.396057e-01 6.365660e-04 8.522954e-01 6.461797e-04 8.100091e-02 5.111160e-03 -3.539383e+03 1.252840e+07 1.265928e-01 8.179026e-03 0.000000e+00 0.000000e+00 0.000000e+00 0.000000e+00 8.262728e-03 2.622704e-04 1.075922e-04 6.139522e-06 4.692524e-02 3.240839e-03 7.052074e-01 1.067916e-03 1.000294e+00 1.853117e-05 3.485570e-08 4.139808e-09 2.808713e+00 1.820227e-01 8.815934e-01 4.269272e-04 7.773279e-01 7.523070e-04 1.221226e-01 6.070076e-05 6.046140e-01 1.168774e-03 1.000479e+00 3.040927e-05
12 12 5.000000e-01 1.373912e+00 9.125317e-01 3.576308e-04 9.194019e-01 3.603202e-04 8.327977e-01 6.523272e-04 8.453841e-01 6.621749e-04 8.213985e-02 5.122509e-03 -3.526634e+03 1.243838e+07 1.357044e-01 8.608420e-03 0.000000e+00 0.000000e+00 0.000000e+00 0.000000e+00 8.399116e-03 2.680340e-04 1.109845e-04 6.414224e-06 4.691939e-02 3.272350e-03 6.938299e-01 1.085617e-03 1.000313e+00 1.953221e-05 3.723050e-08 4.466404e-09 2.823424e+00 1.783280e-01 8.752750e-01 4.402085e-04 7.662321e-01 7.700735e-04 1.244409e-01 6.111706e-05 5.874966e-01 1.179092e-03 1.000516e+00 3.230447e-05
12 12 5.000000e-01 1.433013e+00 9.083056e-01 3.710148e-04 9.151441e-01 3.738127e-04 8.251087e-01 6.736110e-04 8.375796e-01 6.838088e-04 8.478572e-02 5.329061e-03 -3.512052e+03 1.233585e+07 1.445093e-01 9.202994e-03 0.000000e+00 0.000000e+00 0.000000e+00 0.000000e+00 8.505362e-03 2.727057e-04 1.137542e-04 6.652542e-06 4.652026e-02 3.294699e-03 6.810997e-01 1.110743e-03 1.000341e+00 2.139716e-05 3.924049e-08 4.861856e-09 2.852936e+00 1.878089e-01 8.681026e-01 4.590901e-04 7.537398e-01 7.966581e-04 1.298540e-01 6.988191e-05 5.685380e-01 1.200417e-03 1.000571e+00 3.656239e-05
12 12 5.000000e-01 1.494657e+00 9.039338e-01 3.883276e-04 9.107394e-01 3.912525e-04 8.171925e-01 7.016262e-04 8.295435e-01 7.122350e-04 8.906504e-02 5.609838e-03 -3.496004e+03 1.222349e+07 1.572985e-01 1.000576e-02 0.000000e+00 0.000000e+00 0.000000e+00 0.000000e+00 8.648771e-03 2.785009e-04 1.178130e-04 6.918182e-06 4.643473e-02 3.311946e-03 6.681172e-01 1.145792e-03 1.000377e+00 2.371559e-05 4.199022e-08 5.286158e-09 2.875302e+00 1.904058e-01 8.608337e-01 4.817315e-04 7.411833e-01 8.288412e-04 1.370415e-01 7.588523e-05 5.497922e-01 1.227847e-03 1.000640e+00 4.045876e-05
12 12 5.000000e-01 1.558952e+00 8.989184e-01 4.018359e-04 9.056861e-01 4.048647e-04 8.081566e-01 7.219971e-04 8.203706e-01 7.329215e-04 9.142591e-02 5.716612e-03 -3.477542e+03 1.209485e+07 1.696261e-01 1.073316e-02 0.000000e+00 0.000000e+00 0.000000e+00 0.000000e+00 8.785774e-03 2.840457e-04 1.216532e-04 7.164909e-06 4.628841e-02 3.279881e-03 6.534472e-01 1.166030e-03 1.000408e+00 2.549278e-05 4.457931e-08 5.590561e-09 2.884566e+00 2.002161e-01 8.526988e-01 4.964388e-04 7.272528e-01 8.460922e-04 1.395599e-01 7.724804e-05 5.293537e-01 1.229952e-03 1.000692e+00 4.335759e-05
12 12 5.000000e-01 1.626012e+00 8.935215e-01 4.249903e-04 9.002483e-01 4.281921e-04 7.984936e-01 7.588570e-04 8.105608e-01 7.703334e-04 9.804355e-02 6.084945e-03 -3.456732e+03 1.195072e+07 1.875429e-01 1.175686e-02 0.000000e+00 0.000000e+00 0.000000e+00 0.000000e+00 8.935314e-03 2.923223e-04 1.262976e-04 7.541012e-06 4.685431e-02 3.337637e-03 6.379521e-01 1.210450e-03 1.000462e+00 2.862011e-05 4.816969e-08 6.061267e-09 2.917776e+00 1.897761e-01 8.436522e-01 5.256447e-04 7.119232e-01 8.861542e-04 1.499129e-01 8.800146e-05 5.073292e-01 1.260540e-03 1.000792e+00 4.935309e-05
12 12 5.000000e-01 1.695958e+00 8.875578e-01 4.424357e-04 8.942399e-01 4.457677e-04 7.878793e-01 7.848679e-04 7.997866e-01 7.967338e-04 1.018607e-01 6.410310e-03 -3.433226e+03 1.178893e+07 2.042839e-01 1.295852e-02 0.000000e+00 0.000000e+00 0.000000e+00 0.000000e+00 9.111946e-03 2.955808e-04 1.302040e-04 7.696054e-06 4.597078e-02 3.227368e-03 6.211326e-01 1.235780e-03 1.000507e+00 3.186758e-05 5.042978e-08 6.285089e-09 2.851415e+00 1.811662e-01 8.339205e-01 5.440128e-04 6.956083e-01 9.067069e-04 1.540162e-01 9.265354e-05 4.843840e-01 1.260765e-03 1.000869e+00 5.398880e-05
12 12 5.000000e-01 1.768912e+00 8.807228e-01 4.673712e-04 8.873534e-01 4.708953e-04 7.758058e-01 8.223849e-04 7.875305e-01 8.348328e-04 1.090372e-01 6.906469e-03 -3.405594e+03 1.160018e+07 2.261654e-01 1.445780e-02 0.000000e+00 0.000000e+00 0.000000e+00 4.595587e-01 9.263643e-03 3.003544e-04 1.346525e-04 7.980011e-06 4.542405e-02 3.233346e-03 6.022868e-01 1.274070e-03 1.000575e+00 3.633311e-05 5.403379e-08 6.865481e-09 2.871614e+00 1.849487e-01 8.228513e-01 5.795801e-04 6.772916e-01 9.528472e-04 1.676464e-01 1.132536e-04 4.592836e-01 1.289380e-03 1.001013e+00 6.375236e-05
12 12 5.000000e-01 1.845005e+00 8.733722e-01 4.897781e-04 8.799473e-01 4.934591e-04 7.629252e-01 8.545947e-04 7.744548e-01 8.674877e-04 1.147859e-01 7.230123e-03 -3.374756e+03 1.139135e+07 2.458902e-01 1.569082e-02 0.000000e+00 0.000000e+00 0.000000e+00 3.674128e-03 9.437638e-03 3.074509e-04 1.394179e-04 8.341582e-06 4.559315e-02 3.253760e-03 5.825002e-01 1.301982e-03 1.000642e+00 4.032642e-05 5.787156e-08 7.505644e-09 2.879181e+00 1.902843e-01 8.106457e-01 6.022564e-04 6.573715e-01 9.754610e-04 1.734908e-01 1.220493e-04 4.327271e-01 1.281369e-03 1.001126e+00 7.131230e-05
12 12 5.000000e-01 1.924370e+00 8.648846e-01 5.210244e-04 8.713957e-01 5.249356e-04 7.481890e-01 9.001695e-04 7.594954e-01 9.137347e-04 1.245251e-01 8.049328e-03 -3.338992e+03 1.115155e+07 2.728046e-01 1.737914e-02 0.000000e+00 0.000000e+00 0.000000e+00 2.712556e-01 9.621771e-03 3.160030e-04 1.454199e-04 8.772582e-06 4.614495e-02 3.299073e-03 5.602748e-01 1.344763e-03 1.000740e+00 4.773367e-05 6.326468e-08 8.228024e-09 2.896348e+00 1.863957e-01 7.969016e-01 6.400366e-04 6.353032e-01 1.019094e-03 1.878877e-01 1.454271e-04 4.042460e-01 1.294063e-03 1.001316e+00 8.397824e-05
12 12 5.000000e-01 2.007150e+00 8.555813e-01 5.557672e-04 8.620226e-01 5.599479e-04 7.322024e-01 9.497956e-04 7.432679e-01 9.641375e-04 1.358008e-01 8.685712e-03 -3.298591e+03 1.088375e+07 2.995881e-01 1.887839e-02 0.000000e+00 0.000000e+00 0.000000e+00 1.613715e-04 9.714591e-03 3.205062e-04 1.486887e-04 9.100442e-06 4.554202e-02 3.347600e-03 5.366547e-01 1.388514e-03 1.000860e+00 5.482877e-05 6.753147e-08 9.207548e-09 2.944991e+00 2.000156e-01 7.818468e-01 6.833826e-04 6.115656e-01 1.067386e-03 2.054115e-01 1.688575e-04 3.746979e-01 1.304545e-03 1.001558e+00 9.781713e-05
12 12 5.000000e-01 2.093491e+00 8.447250e-01 5.952199e-04 8.510843e-01 5.997030e-04 7.137696e-01 1.003960e-03 7.245559e-01 1.019138e-03 1.494809e-01 9.503930e-03 -3.250983e+03 1.057238e+07 3.303070e-01 2.077655e-02 0.000000e+00 0.000000e+00 0.000000e+00 1.972638e-04 1.000233e-02 3.315543e-04 1.579109e-04 9.618581e-06 4.664096e-02 3.348456e-03 5.100623e-01 1.429956e-03 1.001012e+00 6.423307e-05 7.492912e-08 9.779800e-09 2.934784e+00 1.872637e-01 7.642374e-01 7.230706e-04 5.843744e-01 1.103578e-03 2.204950e-01 1.974913e-04 3.422276e-01 1.288341e-03 1.001826e+00 1.151431e-04
12 12 5.000000e-01 2.183546e+00 8.326653e-01 6.443440e-04 8.389343e-01 6.491988e-04 6.935715e-01 1.071207e-03 7.040540e-01 1.087410e-03 1.679187e-01 1.081101e-02 -3.197274e+03 1.022661e+07 3.696823e-01 2.369886e-02 0.000000e+00 0.000000e+00 0.000000e+00 5.133715e-01 1.022918e-02 3.387891e-04 1.648655e-04 1.009844e-05 4.666707e-02 3.402274e-03 4.817042e-01 1.482610e-03 1.001220e+00 7.832193e-05 8.204697e-08 1.105423e-08 2.953321e+00 2.032279e-01 7.449203e-01 7.818730e-04 5.552681e-01 1.163025e-03 2.470953e-01 2.520645e-04 3.091224e-01 1.290342e-03 1.002244e+00 1.428849e-04
12 12 5.000000e-01 2.277474e+00 8.183647e-01 7.031210e-04 8.245251e-01 7.084184e-04 6.700042e-01 1.148287e-03 6.801276e-01 1.165652e-03 1.915367e-01 1.238311e-02 -3.133939e+03 9.826243e+06 4.062821e-01 2.585104e-02 0.000000e+00 0.000000e+00 0.000000e+00 5.638764e-05 1.044109e-02 3.457442e-04 1.712332e-04 1.051287e-05 4.649040e-02 3.397245e-03 4.496610e-01 1.534218e-03 1.001501e+00 9.673783e-05 8.777208e-08 1.182068e-08 2.951446e+00 1.946526e-01 7.222850e-01 8.308658e-04 5.221005e-01 1.197993e-03 2.674122e-01 2.878831e-04 2.734302e-01 1.249482e-03 1.002692e+00 1.695781e-04
12 12 5.000000e-01 2.375443e+00 8.019532e-01 7.730606e-04 8.079905e-01 7.788845e-04 6.434675e-01 1.236873e-03 6.531914e-01 1.255578e-03 2.220667e-01 1.425642e-02 -3.060902e+03 9.374574e+06 4.545105e-01 2.858548e-02 0.000000e+00 0.000000e+00 0.000000e+00 4.721298e-01 1.062426e-02 3.515159e-04 1.772365e-04 1.082509e-05 4.610723e-02 3.336339e-03 4.149169e-01 1.586863e-03 1.001890e+00 1.208458e-04 9.368993e-08 1.245205e-08 2.927655e+00 1.919208e-01 6.964936e-01 9.139825e-04 4.855849e-01 1.270248e-03 3.103188e-01 3.940406e-04 2.367221e-01 1.232138e-03 1.003501e+00 2.221467e-04
12 12 5.000000e-01 2.477627e+00 7.826227e-01 8.608526e-04 7.885141e-01 8.673390e-04 6.129124e-01 1.342815e-03 6.221733e-01 1.363123e-03 2.641230e-01 1.733085e-02 -2.976342e+03 8.865040e+06 5.070647e-01 3.196963e-02 0.000000e+00 0.000000e+00 0.000000e+00 2.122925e-08 1.081363e-02 3.591557e-04 1.837948e-04 1.145975e-05 4.610341e-02 3.477890e-03 3.766688e-01 1.638751e-03 1.002456e+00 1.599099e-04 1.030042e-07 1.455253e-08 3.002960e+00 2.101703e-01 6.667712e-01 1.003025e-03 4.451578e-01 1.334490e-03 3.583420e-01 5.288730e-04 1.991807e-01 1.187883e-03 1.004598e+00 2.923923e-04
12 12 5.000000e-01 2.584206e+00 7.597506e-01 9.646943e-04 7.654700e-01 9.719785e-04 5.777386e-01 1.459749e-03 5.864687e-01 1.481873e-03 3.180037e-01 2.075839e-02 -2.878109e+03 8.291141e+06 5.659739e-01 3.561612e-02 0.000000e+00 0.000000e+00 0.000000e+00 4.653692e-02 1.107175e-02 3.666373e-04 1.922021e-04 1.180768e-05 4.607214e-02 3.365360e-03 3.349666e-01 1.678017e-03 1.003268e+00 2.113717e-04 1.104723e-07 1.485223e-08 2.936305e+00 1.885153e-01 6.315746e-01 1.102040e-03 3.995774e-01 1.387499e-03 4.147339e-01 7.167807e-04 1.607569e-01 1.108203e-03 1.006170e+00 3.936609e-04
12 12 5.000000e-01 2.695369e+00 7.320018e-01 1.102287e-03 7.375124e-01 1.110571e-03 5.364997e-01 1.604355e-03 5.446068e-01 1.628555e-03 3.979767e-01 2.684799e-02 -2.762987e+03 7.643188e+06 6.256610e-01 3.937698e-02 0.000000e+00 0.000000e+00 0.000000e+00 3.896338e-04 1.136220e-02 3.800155e-04 2.035163e-04 1.276721e-05 4.741992e-02 3.579370e-03 2.892576e-01 1.709530e-03 1.004577e+00 3.039275e-04 1.266268e-07 1.837305e-08 3.019342e+00 2.250512e-01 5.900733e-01 1.229945e-03 3.490423e-01 1.444961e-03 4.951998e-01 1.042768e-03 1.230112e-01 1.008229e-03 1.008774e+00 5.624990e-04
12 12 5.000000e-01 2.811315e+00 6.981988e-01 1.287532e-03 7.034547e-01 1.297252e-03 4.883901e-01 1.783363e-03 4.957696e-01 1.810387e-03 5.207182e-01 3.552912e-02 -2.628884e+03 6.921893e+06 7.052327e-01 4.428099e-02 0.000000e+00 0.000000e+00 0.000000e+00 5.045664e-04 1.157637e-02 3.856030e-04 2.105382e-04 1.308941e-05 4.675182e-02 3.497371e-03 2.402672e-01 1.726043e-03 1.006830e+00 4.582110e-04 1.334378e-07 1.910180e-08 2.983305e+00 2.181953e-01 5.413788e-01 1.381145e-03 2.941649e-01 1.487292e-03 5.988805e-01 1.459595e-03 8.777803e-02 8.761451e-04 1.013098e+00 8.191796e-04
12 12 5.000000e-01 2.932248e+00 6.557743e-01 1.549822e-03 6.607114e-01 1.561497e-03 4.313455e-01 2.009598e-03 4.378646e-01 2.039988e-03 7.239861e-01 4.981693e-02 -2.471431e+03 6.121207e+06 8.051921e-01 5.056381e-02 0.000000e+00 0.000000e+00 0.000000e+00 4.511934e-04 1.181215e-02 3.943410e-04 2.193101e-04 1.358185e-05 4.682429e-02 3.429038e-03 1.882522e-01 1.714182e-03 1.011144e+00 7.485422e-04 1.433049e-07 1.948689e-08 2.969087e+00 1.940396e-01 4.822162e-01 1.592732e-03 2.339442e-01 1.523918e-03 7.635432e-01 2.457583e-03 5.602153e-02 7.164526e-04 1.021793e+00 1.390942e-03
12 12 5.000000e-01 3.058383e+00 5.992771e-01 1.987844e-03 6.037889e-01 2.002765e-03 3.612649e-01 2.329513e-03 3.667246e-01 2.364648e-03 1.142222e+00 8.954034e-02 -2.283489e+03 5.230673e+06 9.259692e-01 5.769406e-02 0.000000e+00 0.000000e+00 0.000000e+00 7.070014e-04 1.214706e-02 4.048719e-04 2.315845e-04 1.434900e-05 4.731357e-02 3.487455e-03 1.334382e-01 1.653515e-03 1.021368e+00 1.516081e-03 1.598159e-07 2.217761e-08 2.965076e+00 2.028806e-01 4.084060e-01 1.914904e-03 1.688170e-01 1.538181e-03 1.058431e+00 5.846831e-03 2.980404e-02 5.254406e-04 1.042733e+00 2.790664e-03
12 12 5.000000e-01 3.189945e+00 5.183803e-01 2.872104e-03 5.222865e-01 2.893579e-03 2.731862e-01 2.799573e-03 2.773213e-01 2.841671e-03 2.297363e+00 2.177371e-01 -2.057101e+03 4.252326e+06 1.079466e+00 6.832070e-02 0.000000e+00 0.000000e+00 0.000000e+00 7.062599e-02 1.241178e-02 4.163385e-04 2.429114e-04 1.520845e-05 4.799030e-02 3.578299e-03 7.885961e-02 1.480900e-03 1.054574e+00 4.138356e-03 1.783701e-07 2.498035e-08 3.006651e+00 2.053991e-01 3.119335e-01 2.441883e-03 1.006179e-01 1.458025e-03 1.654765e+00 1.665802e-02 1.130358e-02 3.056130e-04 1.109892e+00 7.333500e-03
12 12 5.000000e-01 3.327165e+00 3.778663e-01 5.043078e-03 3.807242e-01 5.080824e-03 1.566396e-01 3.346644e-03 1.590246e-01 3.397117e-03 6.792968e+00 4.923817e-01 -1.777611e+03 3.185837e+06 1.243097e+00 7.286854e-02 0.000000e+00 0.000000e+00 0.000000e+00 2.616193e-02 1.294867e-02 4.331658e-04 2.636706e-04 1.651036e-05 4.976668e-02 3.721839e-03 3.061311e-02 1.071819e-03 1.245299e+00 1.730205e-02 2.098136e-07 2.928909e-08 3.004596e+00 2.019190e-01 1.728288e-01 3.258759e-03 3.585267e-02 1.110052e-03 2.819314e+00 2.428541e-02 1.981316e-03 1.065467e-04 1.535013e+00 3.542471e-02
12 12 5.000000e-01 3.470288e+00 2.089172e-01 5.207209e-03 2.105026e-01 5.246435e-03 5.795979e-02 2.341040e-03 5.884684e-02 2.376592e-03 6.898863e+00 3.285757e-01 -1.518851e+03 2.324001e+06 7.773887e-01 5.043772e-02 0.000000e+00 0.000000e+00 0.000000e+00 2.178583e-01 1.312698e-02 4.411334e-04 2.718607e-04 1.718271e-05 4.947981e-02 3.757553e-03 6.272472e-03 4.263896e-04 1.863816e+00 5.649258e-02 2.254265e-07 3.249027e-08 3.043218e+00 2.202188e-01 6.426043e-02 2.113626e-03 6.533577e-03 3.863023e-04 1.148347e+00 6.183541e-03 1.252533e-04 1.466504e-05 2.859276e+00 1.577154e-01
12 12 5.000000e-01 3.619568e+00 1.239979e-01 3.800948e-03 1.249387e-01 3.829730e-03 2.284431e-02 1.220290e-03 2.319463e-02 1.238941e-03 3.528348e+00 2.095906e-01 -1.366514e+03 1.877897e+06 4.522086e-01 3.039080e-02 0.000000e+00 0.000000e+00 0.000000e+00 4.252582e-01 1.340020e-02 4.441118e-04 2.805509e-04 1.728869e-05 4.809053e-02 3.524006e-03 1.299093e-03 1.323688e-04 2.468525e+00 1.126141e-01 2.324318e-07 3.146785e-08 2.944143e+00 1.899962e-01 3.666007e-02 1.254753e-03 2.156669e-03 1.406591e-04 3.853410e-01 9.631468e-04 1.507928e-05 2.238942e-06 3.165545e+00 2.230057e-01
12 12 5.000000e-01 3.775270e+00 8.998062e-02 2.920101e-03 9.066028e-02 2.942172e-03 1.248497e-02 7.354150e-04 1.267506e-02 7.466171e-04 1.996696e+00 1.363415e-01 -1.263754e+03 1.605501e+06 3.355631e-01 2.167060e-02 0.000000e+00 0.000000e+00 0.000000e+00 1.628574e-01 1.345651e-02 4.491141e-04 2.843029e-04 1.768080e-05 4.714643e-02 3.492629e-03 4.369637e-04 5.400878e-05 2.776502e+00 1.604494e-01 2.416080e-07 3.356208e-08 2.980494e+00 2.022061e-01 2.950519e-02 9.952875e-04 1.377341e-03 8.653184e-05 2.316012e-01 2.973313e-04 5.745925e-06 7.746590e-07 3.018945e+00 1.898155e-01
12 12 5.000000e-01 3.937669e+00 7.200765e-02 2.377559e-03 7.255115e-02 2.395465e-03 8.084415e-03 4.904652e-04 8.207038e-03 4.978839e-04 1.267643e+00 8.981383e-02 -1.181725e+03 1.403722e+06 2.663591e-01 1.699004e-02 0.000000e+00 0.000000e+00 0.000000e+00 6.182291e-01 1.353038e-02 4.527668e-04 2.878561e-04 1.795594e-05 4.592574e-02 3.412518e-03 1.895580e-04 2.442192e-05 2.883296e+00 1.741835e-01 2.482890e-07 3.535539e-08 2.989013e+00 2.140651e-01 2.688698e-02 8.961010e-04 1.133972e-03 7.051966e-05 1.800536e-01 1.817087e-04 3.847465e-06 5.434320e-07 2.976485e+00 2.092550e-01
12 12 5.000000e-01 4.107054e+00 6.163681e-02 2.049034e-03 6.210161e-02 2.064464e-03 5.950069e-03 3.657990e-04 6.040202e-03 3.713316e-04 9.025557e-01 6.520566e-02 -1.109779e+03 1.238197e+06 2.232187e-01 1.400336e-02 0.000000e+00 0.000000e+00 0.000000e+00 7.032242e-01 1.366489e-02 4.571842e-04 2.937195e-04 1.828932e-05 4.492482e-02 3.310809e-03 1.043703e-04 1.384271e-05 2.932431e+00 1.841710e-01 2.584242e-07 3.527970e-08 2.980320e+00 1.941544e-01 2.532452e-02 8.464389e-04 1.008017e-03 6.248822e-05 1.538953e-01 1.282588e-04 3.023452e-06 4.077720e-07 2.967565e+00 1.899967e-01
12 12 5.000000e-01 4.283725e+00 5.460622e-02 1.816902e-03 5.501811e-02 1.830604e-03 4.671568e-03 2.903022e-04 4.742435e-03 2.947067e-04 6.802291e-01 5.072573e-02 -1.046363e+03 1.101050e+06 1.926622e-01 1.215348e-02 0.000000e+00 0.000000e+00 0.000000e+00 -2.436710e+03 1.381549e-02 4.645754e-04 3.013531e-04 1.881505e-05 4.446978e-02 3.276540e-03 6.522517e-05 9.182603e-06 2.974861e+00 2.054804e-01 2.730790e-07 3.754320e-08 2.990649e+00 1.961867e-01 2.434810e-02 8.207481e-04 9.370539e-04 5.873171e-05 1.387154e-01 1.079874e-04 2.650655e-06 3.694296e-07 3.008034e+00 2.010645e-01
12 12 5.000000e-01 4.467996e+00 4.913152e-02 1.622536e-03 4.950142e-02 1.634746e-03 3.760853e-03 2.296833e-04 3.817675e-03 2.331490e-04 5.200427e-01 3.756875e-02 -9.892751e+02 9.844856e+05 1.669048e-01 1.041511e-02 0.000000e+00 0.000000e+00 0.000000e+00 2.563638e+06 1.404110e-02 4.687688e-04 3.095466e-04 1.930327e-05 4.338893e-02 3.243510e-03 4.125982e-05 5.556897e-06 2.907713e+00 1.905685e-01 2.874387e-07 4.143766e-08 2.987774e+00 2.151678e-01 2.330707e-02 7.787239e-04 8.533315e-04 5.377117e-05 1.197984e-01 8.584681e-05 2.216980e-06 3.235133e-07 3.027512e+00 2.170325e-01
12 12 5.000000e-01 4.660194e+00 4.530477e-02 1.511925e-03 4.564525e-02 1.523282e-03 3.221825e-03 1.988127e-04 3.270328e-03 2.018090e-04 4.327255e-01 3.147197e-02 -9.363561e+02 8.823059e+05 1.466829e-01 9.287649e-03 0.000000e+00 0.000000e+00 0.000000e+00 1.339515e-02 1.413796e-02 4.710693e-04 3.133871e-04 1.943213e-05 4.202238e-02 3.093294e-03 3.068988e-05 4.195651e-06 2.947823e+00 1.958599e-01 2.924585e-07 3.972835e-08 2.961701e+00 1.888510e-01 2.268686e-02 7.604025e-04 8.105854e-04 5.084635e-05 1.095022e-01 6.847812e-05 1.987668e-06 2.789517e-07 3.011959e+00 2.061237e-01
12 12 5.000000e-01 4.860660e+00 4.220581e-02 1.395687e-03 4.252370e-02 1.406201e-03 2.778197e-03 1.710237e-04 2.820229e-03 1.736056e-04 3.536532e-01 2.599911e-02 -8.893864e+02 7.963702e+05 1.301535e-01 8.084550e-03 0.000000e+00 0.000000e+00 0.000000e+00 0.000000e+00 1.417232e-02 4.736435e-04 3.155781e-04 1.957799e-05 4.071864e-02 2.986106e-03 2.275234e-05 3.101047e-06 2.941224e+00 1.931270e-01 2.964468e-07 4.010911e-08 2.966953e+00 1.898355e-01 2.222467e-02 7.416881e-04 7.752732e-04 4.858962e-05 9.988207e-02 5.691716e-05 1.815281e-06 2.453523e-07 3.005934e+00 1.846340e-01
12 12 5.000000e-01 5.069749e+00 3.960082e-02 1.317921e-03 3.989932e-02 1.327860e-03 2.456526e-03 1.516129e-04 2.493756e-03 1.539141e-04 3.023925e-01 2.206364e-02 -8.443308e+02 7.179920e+05 1.139898e-01 7.116876e-03 0.000000e+00 0.000000e+00 0.000000e+00 0.000000e+00 1.430254e-02 4.769180e-04 3.208976e-04 2.001802e-05 3.958766e-02 2.954996e-03 1.785883e-05 2.421823e-06 2.944287e+00 1.915138e-01 3.089506e-07 4.302509e-08 2.987732e+00 1.994283e-01 2.168324e-02 7.250521e-04 7.392102e-04 4.579109e-05 9.149345e-02 4.523003e-05 1.624723e-06 2.193612e-07 2.963008e+00 1.903214e-01
12 12 5.000000e-01 5.287832e+00 3.746959e-02 1.256574e-03 3.775232e-02 1.266051e-03 2.212036e-03 1.381552e-04 2.245611e-03 1.402467e-04 2.635591e-01 1.952144e-02 -8.028818e+02 6.496803e+05 1.041105e-01 6.626169e-03 0.000000e+00 0.000000e+00 0.000000e+00 0.000000e+00 1.441235e-02 4.801235e-04 3.258016e-04 2.031428e-05 3.848587e-02 2.880064e-03 1.471799e-05 2.041091e-06 2.995321e+00 2.016354e-01 3.184636e-07 4.473204e-08 2.990985e+00 2.072873e-01 2.148225e-02 7.058575e-04 7.165838e-04 4.377451e-05 8.312771e-02 3.767343e-05 1.498346e-06 2.031198e-07 2.915337e+00 1.897184e-01
12 12 5.000000e-01 5.515296e+00 3.584613e-02 1.192649e-03 3.611588e-02 1.201644e-03 2.012435e-03 1.247256e-04 2.042871e-03 1.266211e-04 2.275877e-01 1.678312e-02 -7.640509e+02 5.886876e+05 9.280491e-02 5.908118e-03 0.000000e+00 0.000000e+00 0.000000e+00 0.000000e+00 1.451010e-02 4.852585e-04 3.310809e-04 2.073435e-05 3.768234e-02 2.829617e-03 1.204487e-05 1.646573e-06 2.961775e+00 1.926377e-01 3.307307e-07 4.662097e-08 3.004331e+00 2.064513e-01 2.104555e-02 7.036950e-04 6.963422e-04 4.309614e-05 7.924997e-02 3.401393e-05 1.442011e-06 1.943484e-07 2.958915e+00 1.882589e-01
12 12 5.000000e-01 5.752545e+00 3.412400e-02 1.134375e-03 3.438132e-02 1.142918e-03 1.823268e-03 1.131005e-04 1.850886e-03 1.148127e-04 1.973748e-01 1.462314e-02 -7.280354e+02 5.348047e+05 8.267798e-02 5.171890e-03 0.000000e+00 0.000000e+00 0.000000e+00 0.000000e+00 1.459398e-02 4.864419e-04 3.340016e-04 2.088889e-05 3.630319e-02 2.726295e-03 9.904030e-06 1.370279e-06 2.969684e+00 2.005448e-01 3.360602e-07 4.754430e-08 2.997655e+00 2.053885e-01 2.091129e-02 6.963116e-04 6.851825e-04 4.230741e-05 7.435792e-02 2.999494e-05 1.388435e-06 1.882608e-07 2.952223e+00 1.925902e-01
12 12 5.000000e-01 6.000000e+00 3.306520e-02 1.096841e-03 3.331400e-02 1.105090e-03 1.708759e-03 1.057633e-04 1.734546e-03 1.073541e-04 1.769563e-01 1.310734e-02 -6.939223e+02 4.862597e+05 7.575302e-02 4.758053e-03 0.000000e+00 0.000000e+00 0.000000e+00 0.000000e+00 1.471865e-02 4.919926e-04 3.404824e-04 2.118903e-05 3.560175e-02 2.632674e-03 8.678082e-06 1.214463e-06 2.955792e+00 2.036684e-01 3.471766e-07 4.777366e-08 2.980754e+00 1.951977e-01 2.064324e-02 6.971376e-04 6.747950e-04 4.244284e-05 7.147417e-02 2.865259e-05 1.381181e-06 1.908014e-07 3.022520e+00 1.987833e-01
