# idx_disorder = 30 of disorder_steps = 50
# L = 12
# Lz = 12
# disorder_filling = 2.000000e-01
# J33 = 2.000000e-01
# J34 = -1.000000e+00
# J44 = -1.000000e+00
# T_min = 5.000000e-01
# T_max = 0.000000e+00
# T_steps = 60
# disorder_steps = 50
# mc_bins = 512
# mc_binsize = 40
# thermalization_bins = 512
# seed_disorder = 1
# seed_mc = 3721
# disorder averaged number of filled sites = 7.984417e-01
# 1: L; 2: Lz; 3: disorder_filling; 4: temperature; 5: magnetization1; 6: sigma_magnetization1; 7: magnetization2; 8: sigma_magnetization2; 9: magnetization1_squared; 10: sigma_magnetization1_squared; 11: magnetization2_squared; 12: sigma_magnetization2_squared; 13: chi_magnetization1; 14: sigma_chi_magnetization1; 15: energy; 16: energy_squared; 17: specific_heat; 18: sigma_specific_heat; 19: xi_a; 20: sigma_xi_a; 21: xi_b; 22: sigma_xi_b; 23: magnetization AF; 24: sigma_magnetizationAF; 25: magnetizationAF_squared; 26: sigma_magnetizationAF_squared; 27: chi_magnetizationAF; 28: sigma_chi_magnetizationAF; 29: magnetization_four; 30: sigma_magnetization_four; 31: binder_ratio; 32: sigma_binder_ratio; 33: magnetizationAF_four; 34: sigma_magnetizationAF_four; 35: binder_ratioAF; 36: sigma_binder_ratioAF; 37:magnetization_replica; 38: sigma_magnetization_replica; 39:magnetization_replica_squared; 40: sigma_magnetization_replica_squared; 41:chi_magnetization_replica; 42: sigma_chi_magnetization_replica; 43:magnetization_replica_four; 44: sigma_magnetization_replica_four; 45:binder_ratio_replica; 46: sigma_binder_ratio_replica;  
12 12 2.000000e-01 5.000000e-01 4.306008e-02 7.858671e-04 5.450144e-02 9.949322e-04 3.086213e-03 8.917125e-05 4.956036e-03 1.432526e-04 1.383977e+00 8.120035e-02 -1.792590e+03 3.214413e+06 6.904313e-02 4.477327e-03 0.000000e+00 0.000000e+00 0.000000e+00 0.000000e+00 3.394319e-01 5.937572e-04 1.174367e-01 3.494861e-04 1.494023e+00 8.515209e-02 3.519259e-05 1.552564e-06 2.014612e+00 1.253531e-01 1.440648e-02 7.472130e-05 1.034180e+00 2.793775e-03 6.916224e-01 1.570849e-03 4.878038e-01 1.886845e-03 1.042581e+01 1.146309e+00 2.464611e-01 1.650837e-03 1.050383e+00 3.901625e-03
12 12 2.000000e-01 5.215083e-01 4.399362e-02 8.189531e-04 5.568381e-02 1.036772e-03 3.213745e-03 9.478388e-05 5.160485e-03 1.522370e-04 1.428635e+00 8.069980e-02 -1.789857e+03 3.204657e+06 7.640908e-02 4.918113e-03 0.000000e+00 0.000000e+00 0.000000e+00 0.000000e+00 3.357099e-01 6.206971e-04 1.154421e-01 3.611439e-04 1.576843e+00 6.840653e-02 3.826369e-05 1.697589e-06 2.069823e+00 1.454838e-01 1.402547e-02 7.619995e-05 1.053123e+00 4.198366e-03 6.883325e-01 1.610902e-03 4.815345e-01 1.948285e-03 1.038634e+01 6.720325e-01 2.396354e-01 1.675131e-03 1.037374e+00 2.777571e-03
12 12 2.000000e-01 5.439418e-01 4.414242e-02 8.496336e-04 5.587478e-02 1.075652e-03 3.237219e-03 9.958296e-05 5.198677e-03 1.599423e-04 1.460207e+00 8.441461e-02 -1.786660e+03 3.193257e+06 8.684768e-02 5.723464e-03 0.000000e+00 0.000000e+00 0.000000e+00 0.000000e+00 3.324427e-01 6.380374e-04 1.136265e-01 3.703705e-04 1.386856e+00 7.762151e-02 3.857675e-05 1.816135e-06 2.118670e+00 1.424696e-01 1.366491e-02 7.757723e-05 1.075252e+00 6.171655e-03 6.835343e-01 1.642087e-03 4.738114e-01 1.990249e-03 9.385399e+00 8.037139e-01 2.317680e-01 1.684809e-03 1.029548e+00 2.172696e-03
12 12 2.000000e-01 5.673403e-01 4.446054e-02 8.803896e-04 5.627930e-02 1.114317e-03 3.259015e-03 1.036424e-04 5.233987e-03 1.664008e-04 1.474178e+00 8.519147e-02 -1.782954e+03 3.180064e+06 9.436910e-02 6.093573e-03 0.000000e+00 0.000000e+00 0.000000e+00 0.000000e+00 3.291855e-01 6.587343e-04 1.116262e-01 3.787666e-04 1.288164e+00 8.625089e-02 3.830434e-05 1.878835e-06 2.216277e+00 1.484304e-01 1.323889e-02 7.830522e-05 1.086947e+00 7.296313e-03 6.756977e-01 1.719149e-03 4.632507e-01 2.043860e-03 9.235689e+00 1.382504e+00 2.220456e-01 1.688905e-03 1.029256e+00 2.217934e-03
12 12 2.000000e-01 5.917453e-01 4.487167e-02 9.035349e-04 5.680022e-02 1.143428e-03 3.324003e-03 1.065696e-04 5.338431e-03 1.710509e-04 1.440598e+00 8.628266e-02 -1.778747e+03 3.165114e+06 1.036412e-01 6.706695e-03 0.000000e+00 0.000000e+00 0.000000e+00 0.000000e+00 3.256528e-01 6.876538e-04 1.095411e-01 3.900455e-04 1.232613e+00 1.083437e-01 3.997837e-05 1.934134e-06 2.242790e+00 1.349411e-01 1.280618e-02 7.930494e-05 1.110230e+00 9.344389e-03 6.685483e-01 1.784037e-03 4.534319e-01 2.084215e-03 9.023620e+00 2.048541e+00 2.128199e-01 1.682854e-03 1.027486e+00 2.155189e-03
12 12 2.000000e-01 6.172002e-01 4.560537e-02 9.442726e-04 5.772741e-02 1.194448e-03 3.408516e-03 1.143559e-04 5.473512e-03 1.833917e-04 1.467145e+00 9.567209e-02 -1.773876e+03 3.147849e+06 1.160088e-01 7.400646e-03 0.000000e+00 0.000000e+00 0.000000e+00 0.000000e+00 3.218784e-01 7.279178e-04 1.072692e-01 4.092745e-04 1.231639e+00 1.209807e-01 4.148696e-05 2.216883e-06 2.355707e+00 1.357355e-01 1.233124e-02 8.162860e-05 1.142554e+00 1.216536e-02 6.603358e-01 1.886311e-03 4.423520e-01 2.161940e-03 9.271254e+00 2.985188e+00 2.025976e-01 1.700511e-03 1.026407e+00 2.173210e-03
12 12 2.000000e-01 6.437500e-01 4.650325e-02 9.759647e-04 5.885911e-02 1.234324e-03 3.528052e-03 1.208380e-04 5.664242e-03 1.937226e-04 1.483367e+00 1.023933e-01 -1.768267e+03 3.128023e+06 1.295618e-01 8.296640e-03 0.000000e+00 0.000000e+00 0.000000e+00 0.000000e+00 3.175908e-01 7.742591e-04 1.047098e-01 4.300507e-04 1.309772e+00 1.288580e-01 4.398505e-05 2.516340e-06 2.404791e+00 1.532577e-01 1.180364e-02 8.410750e-05 1.167971e+00 1.533888e-02 6.513831e-01 1.957698e-03 4.304173e-01 2.219307e-03 9.031198e+00 3.011383e+00 1.919602e-01 1.700637e-03 1.026027e+00 2.182363e-03
12 12 2.000000e-01 6.714419e-01 4.757654e-02 1.031472e-03 6.021262e-02 1.304276e-03 3.686707e-03 1.315220e-04 5.917649e-03 2.108232e-04 1.587369e+00 1.092533e-01 -1.761797e+03 3.105221e+06 1.405626e-01 8.975278e-03 0.000000e+00 0.000000e+00 0.000000e+00 0.000000e+00 3.124584e-01 8.193806e-04 1.016704e-01 4.505753e-04 1.404950e+00 1.271564e-01 4.826529e-05 2.885975e-06 2.418808e+00 1.452530e-01 1.119216e-02 8.592484e-05 1.205051e+00 1.648073e-02 6.391903e-01 2.053135e-03 4.152003e-01 2.293598e-03 9.380327e+00 2.426702e+00 1.793069e-01 1.707750e-03 1.030271e+00 2.452273e-03
12 12 2.000000e-01 7.003251e-01 4.889609e-02 1.065934e-03 6.188040e-02 1.347739e-03 3.840160e-03 1.360886e-04 6.163367e-03 2.181388e-04 1.576718e+00 1.075467e-01 -1.754380e+03 3.079193e+06 1.559773e-01 9.966489e-03 0.000000e+00 0.000000e+00 0.000000e+00 0.000000e+00 3.068741e-01 8.855469e-04 9.843305e-02 4.769968e-04 1.627821e+00 1.291940e-01 4.927042e-05 2.877685e-06 2.368946e+00 1.160516e-01 1.055975e-02 8.790509e-05 1.242634e+00 2.183880e-02 6.258084e-01 2.166002e-03 3.990412e-01 2.364943e-03 9.890821e+00 1.887476e+00 1.664940e-01 1.689505e-03 1.036456e+00 2.920427e-03
12 12 2.000000e-01 7.304506e-01 5.076721e-02 1.126814e-03 6.423423e-02 1.424492e-03 4.088079e-03 1.486197e-04 6.557447e-03 2.381190e-04 1.689138e+00 1.121095e-01 -1.745945e+03 3.049706e+06 1.709265e-01 1.086900e-02 0.000000e+00 0.000000e+00 0.000000e+00 0.000000e+00 3.008312e-01 9.237367e-04 9.491720e-02 4.944048e-04 1.680139e+00 1.172884e-01 5.434978e-05 3.345928e-06 2.327608e+00 1.233911e-01 9.884271e-03 8.918955e-05 1.285888e+00 2.074632e-02 6.126455e-01 2.220331e-03 3.824863e-01 2.408537e-03 9.108351e+00 1.459084e+00 1.533003e-01 1.674006e-03 1.039016e+00 2.997711e-03
12 12 2.000000e-01 7.618721e-01 5.256687e-02 1.185719e-03 6.650740e-02 1.498877e-03 4.336104e-03 1.603712e-04 6.953921e-03 2.569520e-04 1.777140e+00 1.155699e-01 -1.736307e+03 3.016179e+06 1.862586e-01 1.162626e-02 0.000000e+00 0.000000e+00 0.000000e+00 0.000000e+00 2.936746e-01 9.919562e-04 9.080266e-02 5.184064e-04 1.850282e+00 1.108651e-01 5.919931e-05 3.778880e-06 2.291293e+00 1.148374e-01 9.113111e-03 8.980940e-05 1.278687e+00 2.109350e-02 5.954154e-01 2.351371e-03 3.626680e-01 2.484462e-03 9.644979e+00 1.143451e+00 1.389016e-01 1.644094e-03 1.050678e+00 3.733032e-03
12 12 2.000000e-01 7.946452e-01 5.456430e-02 1.242264e-03 6.902525e-02 1.570292e-03 4.613128e-03 1.730453e-04 7.395577e-03 2.772074e-04 1.865621e+00 1.194143e-01 -1.725423e+03 2.978537e+06 2.015810e-01 1.275885e-02 0.000000e+00 0.000000e+00 0.000000e+00 0.000000e+00 2.854156e-01 1.050464e-03 8.618465e-02 5.383364e-04 1.868808e+00 1.131881e-01 6.504490e-05 4.215704e-06 2.260263e+00 1.140188e-01 8.290067e-03 8.934869e-05 1.313195e+00 2.468391e-02 5.771212e-01 2.515811e-03 3.416425e-01 2.572392e-03 9.997733e+00 1.414717e+00 1.241371e-01 1.610235e-03 1.059751e+00 4.337697e-03
12 12 2.000000e-01 8.288282e-01 5.623825e-02 1.308920e-03 7.113311e-02 1.654632e-03 4.903472e-03 1.908021e-04 7.859765e-03 3.056989e-04 1.999378e+00 1.291321e-01 -1.712892e+03 2.935519e+06 2.203793e-01 1.393804e-02 0.000000e+00 0.000000e+00 0.000000e+00 0.000000e+00 2.763295e-01 1.144905e-03 8.132833e-02 5.650200e-04 2.097523e+00 1.249559e-01 7.452522e-05 5.287589e-06 2.261636e+00 1.204034e-01 7.482825e-03 8.852838e-05 1.330702e+00 2.748841e-02 5.539963e-01 2.722976e-03 3.175591e-01 2.635998e-03 1.180000e+01 1.313912e+00 1.089728e-01 1.535216e-03 1.077389e+00 5.445046e-03
12 12 2.000000e-01 8.644815e-01 5.828223e-02 1.366623e-03 7.370971e-02 1.727622e-03 5.289454e-03 2.053799e-04 8.475990e-03 3.289946e-04 2.082923e+00 1.312208e-01 -1.698992e+03 2.888148e+06 2.343936e-01 1.481123e-02 0.000000e+00 0.000000e+00 0.000000e+00 0.000000e+00 2.663606e-01 1.212502e-03 7.599841e-02 5.811035e-04 2.124034e+00 1.270671e-01 8.572620e-05 5.876356e-06 2.252986e+00 1.171252e-01 6.619885e-03 8.614104e-05 1.353682e+00 3.611376e-02 5.329814e-01 2.811482e-03 2.953825e-01 2.647521e-03 1.130651e+01 8.550132e-01 9.537238e-02 1.448729e-03 1.094832e+00 6.572775e-03
12 12 2.000000e-01 9.016685e-01 6.064357e-02 1.445245e-03 7.668349e-02 1.827070e-03 5.764616e-03 2.284747e-04 9.235055e-03 3.660037e-04 2.216329e+00 1.433322e-01 -1.683342e+03 2.835278e+06 2.527577e-01 1.589614e-02 0.000000e+00 0.000000e+00 0.000000e+00 0.000000e+00 2.557536e-01 1.283714e-03 7.043419e-02 5.912758e-04 2.146350e+00 1.385138e-01 1.035133e-04 7.235644e-06 2.307622e+00 1.326691e-01 5.770818e-03 8.198252e-05 1.300018e+00 2.562775e-02 5.095576e-01 2.938610e-03 2.717044e-01 2.643161e-03 1.133736e+01 1.000009e+00 8.190751e-02 1.340521e-03 1.114219e+00 7.829731e-03
12 12 2.000000e-01 9.404552e-01 6.254904e-02 1.513335e-03 7.908132e-02 1.913215e-03 6.192439e-03 2.472169e-04 9.918227e-03 3.959666e-04 2.321759e+00 1.487302e-01 -1.666143e+03 2.777734e+06 2.634506e-01 1.655035e-02 0.000000e+00 0.000000e+00 0.000000e+00 0.000000e+00 2.439166e-01 1.358137e-03 6.464997e-02 5.985013e-04 2.161404e+00 1.527408e-01 1.192870e-04 8.312570e-06 2.345465e+00 1.303312e-01 4.956663e-03 7.718226e-05 1.358025e+00 3.028038e-02 4.875004e-01 3.071112e-03 2.496991e-01 2.636392e-03 1.116876e+01 9.576289e-01 6.998631e-02 1.231550e-03 1.123544e+00 8.599401e-03
12 12 2.000000e-01 9.809104e-01 6.498129e-02 1.577608e-03 8.215048e-02 1.994753e-03 6.708933e-03 2.670736e-04 1.074609e-02 4.281058e-04 2.419707e+00 1.553455e-01 -1.647036e+03 2.714502e+06 2.837011e-01 1.772977e-02 0.000000e+00 0.000000e+00 0.000000e+00 0.000000e+00 2.315046e-01 1.423763e-03 5.873768e-02 5.936867e-04 2.169561e+00 1.627554e-01 1.402587e-04 9.890615e-06 2.334569e+00 1.318610e-01 4.181818e-03 7.040882e-05 1.362520e+00 2.990317e-02 4.625083e-01 3.287146e-03 2.259989e-01 2.651301e-03 1.175596e+01 1.086228e+00 5.830230e-02 1.125216e-03 1.129272e+00 9.013083e-03
12 12 2.000000e-01 1.023106e+00 6.711680e-02 1.670894e-03 8.483424e-02 2.112594e-03 7.249272e-03 2.978990e-04 1.160780e-02 4.773918e-04 2.597121e+00 1.742668e-01 -1.625772e+03 2.644979e+06 2.967398e-01 1.868806e-02 0.000000e+00 0.000000e+00 0.000000e+00 0.000000e+00 2.175184e-01 1.540811e-03 5.247589e-02 6.015433e-04 2.318970e+00 1.807662e-01 1.670784e-04 1.213111e-05 2.469662e+00 1.485092e-01 3.438468e-03 6.448947e-05 1.363101e+00 3.206194e-02 4.328579e-01 3.531483e-03 2.000530e-01 2.641667e-03 1.265766e+01 1.133929e+00 4.685619e-02 9.974491e-04 1.149493e+00 1.038691e-02
12 12 2.000000e-01 1.067116e+00 6.995894e-02 1.802938e-03 8.842835e-02 2.280118e-03 7.890139e-03 3.419321e-04 1.263815e-02 5.485655e-04 2.889031e+00 2.018849e-01 -1.602031e+03 2.568459e+06 3.224626e-01 2.014104e-02 0.000000e+00 0.000000e+00 0.000000e+00 0.000000e+00 2.029549e-01 1.673925e-03 4.629692e-02 6.034611e-04 2.579000e+00 2.004546e-01 1.960645e-04 1.551809e-05 2.652469e+00 2.054867e-01 2.768724e-03 5.766640e-05 1.340897e+00 2.860728e-02 3.974151e-01 3.772595e-03 1.722527e-01 2.583882e-03 1.350007e+01 1.013555e+00 3.630785e-02 8.613492e-04 1.197308e+00 1.363712e-02
12 12 2.000000e-01 1.113020e+00 7.366061e-02 1.924183e-03 9.311144e-02 2.433843e-03 8.711894e-03 3.852559e-04 1.395942e-02 6.183241e-04 3.166041e+00 2.180841e-01 -1.576213e+03 2.486476e+06 3.326294e-01 2.087739e-02 0.000000e+00 0.000000e+00 0.000000e+00 0.000000e+00 1.860353e-01 1.810740e-03 3.982028e-02 5.985750e-04 2.879726e+00 2.031435e-01 2.360293e-04 1.898564e-05 2.661371e+00 1.950261e-01 2.151845e-03 5.046286e-05 1.380551e+00 2.843976e-02 3.599707e-01 3.969149e-03 1.455048e-01 2.486774e-03 1.385943e+01 8.869567e-01 2.744299e-02 7.275767e-04 1.273543e+00 1.836710e-02
12 12 2.000000e-01 1.160898e+00 7.764467e-02 2.085284e-03 9.814598e-02 2.638291e-03 9.652198e-03 4.436065e-04 1.547073e-02 7.125568e-04 3.577010e+00 2.452139e-01 -1.547856e+03 2.397970e+06 3.499833e-01 2.192975e-02 0.000000e+00 0.000000e+00 0.000000e+00 0.000000e+00 1.678290e-01 1.932638e-03 3.343338e-02 5.817955e-04 3.106835e+00 1.995434e-01 2.853248e-04 2.457463e-05 2.648308e+00 1.586545e-01 1.620988e-03 4.283267e-05 1.427125e+00 3.093624e-02 3.187125e-01 4.069250e-03 1.186031e-01 2.302136e-03 1.362854e+01 7.184181e-01 1.965748e-02 5.805504e-04 1.377829e+00 2.520350e-02
12 12 2.000000e-01 1.210836e+00 8.158884e-02 2.233421e-03 1.031511e-01 2.825436e-03 1.054585e-02 4.957373e-04 1.690856e-02 7.958974e-04 3.893405e+00 2.590781e-01 -1.516675e+03 2.302501e+06 3.585417e-01 2.235232e-02 0.000000e+00 0.000000e+00 0.000000e+00 0.000000e+00 1.484954e-01 1.985748e-03 2.714949e-02 5.399128e-04 3.080447e+00 1.911199e-01 3.291487e-04 2.897893e-05 2.666269e+00 1.621960e-01 1.154766e-03 3.436961e-05 1.501001e+00 3.537802e-02 2.765930e-01 4.125932e-03 9.357621e-02 2.082970e-03 1.305173e+01 6.188012e-01 1.339166e-02 4.460795e-04 1.501806e+00 3.363628e-02
12 12 2.000000e-01 1.262922e+00 8.655113e-02 2.401764e-03 1.094296e-01 3.038202e-03 1.175805e-02 5.563327e-04 1.885443e-02 8.929805e-04 4.294483e+00 2.718704e-01 -1.483563e+03 2.203173e+06 3.774814e-01 2.390803e-02 0.000000e+00 0.000000e+00 0.000000e+00 0.000000e+00 1.292155e-01 2.032079e-03 2.150885e-02 4.976898e-04 3.039427e+00 1.798385e-01 3.963883e-04 3.391801e-05 2.582359e+00 1.412403e-01 7.985652e-04 2.707112e-05 1.608653e+00 4.240437e-02 2.343611e-01 4.102655e-03 7.067501e-02 1.841742e-03 1.212020e+01 4.771926e-01 8.529154e-03 3.259562e-04 1.647658e+00 4.335919e-02
12 12 2.000000e-01 1.317249e+00 9.019024e-02 2.529749e-03 1.140327e-01 3.199847e-03 1.259049e-02 6.012729e-04 2.018590e-02 9.647803e-04 4.526402e+00 2.776389e-01 -1.448470e+03 2.100257e+06 3.788737e-01 2.390670e-02 0.000000e+00 0.000000e+00 0.000000e+00 0.000000e+00 1.119039e-01 1.992663e-03 1.682764e-02 4.422901e-04 2.779396e+00 1.577971e-01 4.387059e-04 3.829262e-05 2.511108e+00 1.301638e-01 5.365777e-04 2.068120e-05 1.736426e+00 5.386996e-02 1.976210e-01 3.869214e-03 5.243986e-02 1.543380e-03 1.024840e+01 3.312313e-01 5.191163e-03 2.270591e-04 1.783158e+00 5.392307e-02
12 12 2.000000e-01 1.373912e+00 9.157228e-02 2.623796e-03 1.157872e-01 3.318126e-03 1.290340e-02 6.311603e-04 2.068600e-02 1.012069e-03 4.633242e+00 2.789802e-01 -1.410524e+03 1.991758e+06 3.829517e-01 2.382014e-02 0.000000e+00 0.000000e+00 0.000000e+00 0.000000e+00 9.513117e-02 1.927066e-03 1.271890e-02 3.842167e-04 2.463080e+00 1.378516e-01 4.530815e-04 4.067607e-05 2.513282e+00 1.365073e-01 3.396586e-04 1.513579e-05 1.881787e+00 6.251205e-02 1.617451e-01 3.652419e-03 3.704821e-02 1.282431e-03 8.667938e+00 2.414131e-01 2.948033e-03 1.549273e-04 1.979955e+00 6.817691e-02
12 12 2.000000e-01 1.433013e+00 9.192095e-02 2.683367e-03 1.162370e-01 3.392889e-03 1.292757e-02 6.451838e-04 2.072782e-02 1.034112e-03 4.591996e+00 2.755218e-01 -1.371424e+03 1.882931e+06 3.850885e-01 2.404800e-02 0.000000e+00 0.000000e+00 0.000000e+00 0.000000e+00 7.943510e-02 1.819689e-03 9.266434e-03 3.239004e-04 2.093281e+00 1.212882e-01 4.463825e-04 4.100296e-05 2.506195e+00 1.277237e-01 2.019873e-04 1.062377e-05 2.065917e+00 8.226276e-02 1.309652e-01 3.341829e-03 2.512705e-02 1.020817e-03 6.980412e+00 1.576847e-01 1.499786e-03 9.695319e-05 2.146633e+00 8.122474e-02
12 12 2.000000e-01 1.494657e+00 9.065161e-02 2.687122e-03 1.146143e-01 3.397073e-03 1.251018e-02 6.351755e-04 2.004723e-02 1.017564e-03 4.381821e+00 2.590778e-01 -1.330607e+03 1.772558e+06 3.810231e-01 2.354775e-02 0.000000e+00 0.000000e+00 0.000000e+00 0.000000e+00 6.610764e-02 1.718447e-03 6.622249e-03 2.716946e-04 1.800339e+00 1.008124e-01 4.143234e-04 3.874411e-05 2.479073e+00 1.210399e-01 1.129001e-04 7.244862e-06 2.217611e+00 9.244053e-02 1.039014e-01 2.965326e-03 1.621119e-02 7.685949e-04 5.323527e+00 9.011510e-02 6.769961e-04 5.479044e-05 2.309046e+00 9.783488e-02
12 12 2.000000e-01 1.558952e+00 8.846174e-02 2.671351e-03 1.118315e-01 3.376619e-03 1.191004e-02 6.222683e-04 1.907616e-02 9.962380e-04 4.131297e+00 2.480262e-01 -1.288499e+03 1.662242e+06 3.734078e-01 2.340614e-02 0.000000e+00 0.000000e+00 0.000000e+00 0.000000e+00 5.467911e-02 1.557840e-03 4.623846e-03 2.184015e-04 1.429234e+00 8.156752e-02 3.771512e-04 3.729095e-05 2.507901e+00 1.283533e-01 5.965775e-05 4.755111e-06 2.396433e+00 1.097793e-01 8.341027e-02 2.539755e-03 1.052376e-02 5.592665e-04 3.716142e+00 5.321437e-02 2.975996e-04 2.988169e-05 2.493785e+00 1.156771e-01
12 12 2.000000e-01 1.626012e+00 8.495467e-02 2.601030e-03 1.073934e-01 3.287521e-03 1.099902e-02 5.866719e-04 1.761387e-02 9.391069e-04 3.744811e+00 2.274034e-01 -1.245837e+03 1.554045e+06 3.545683e-01 2.211498e-02 0.000000e+00 0.000000e+00 0.000000e+00 0.000000e+00 4.543433e-02 1.382720e-03 3.224647e-03 1.688863e-04 1.075567e+00 6.452491e-02 3.242978e-04 3.325313e-05 2.532547e+00 1.261779e-01 3.019792e-05 2.875006e-06 2.550957e+00 1.288395e-01 6.888120e-02 2.201628e-03 7.296393e-03 4.181788e-04 2.653165e+00 3.179727e-02 1.485098e-04 1.725641e-05 2.689872e+00 1.420214e-01
12 12 2.000000e-01 1.695958e+00 8.034593e-02 2.486928e-03 1.015634e-01 3.142967e-03 9.841470e-03 5.382087e-04 1.575673e-02 8.611522e-04 3.264048e+00 2.047598e-01 -1.202793e+03 1.448703e+06 3.493628e-01 2.186131e-02 0.000000e+00 0.000000e+00 0.000000e+00 0.000000e+00 3.976028e-02 1.249727e-03 2.473776e-03 1.363857e-04 8.350300e-01 5.228955e-02 2.619294e-04 2.771790e-05 2.595434e+00 1.305849e-01 1.785598e-05 1.867393e-06 2.641681e+00 1.352273e-01 5.972717e-02 1.928128e-03 5.497012e-03 3.203086e-04 1.941946e+00 1.751142e-02 8.430715e-05 1.022836e-05 2.749683e+00 1.560215e-01
12 12 2.000000e-01 1.768912e+00 7.540624e-02 2.389221e-03 9.531499e-02 3.019440e-03 8.768391e-03 4.919725e-04 1.403777e-02 7.872142e-04 2.881043e+00 1.843410e-01 -1.158859e+03 1.344996e+06 3.392416e-01 2.113990e-02 0.000000e+00 0.000000e+00 0.000000e+00 3.198045e-02 3.457211e-02 1.110843e-03 1.863424e-03 1.078387e-04 6.255308e-01 4.182985e-02 2.123273e-04 2.342501e-05 2.663104e+00 1.392441e-01 1.013197e-05 1.184763e-06 2.751291e+00 1.565961e-01 5.300608e-02 1.710920e-03 4.322413e-03 2.514334e-04 1.465126e+00 9.832502e-03 5.181142e-05 6.221297e-06 2.733937e+00 1.533684e-01
12 12 2.000000e-01 1.845005e+00 7.014412e-02 2.217830e-03 8.864902e-02 2.802411e-03 7.536246e-03 4.254412e-04 1.205684e-02 6.802814e-04 2.372800e+00 1.542746e-01 -1.115341e+03 1.246079e+06 3.239590e-01 2.019453e-02 0.000000e+00 0.000000e+00 0.000000e+00 1.077822e-01 3.058791e-02 9.992570e-04 1.466725e-03 8.666772e-05 4.828697e-01 3.283753e-02 1.555064e-04 1.753436e-05 2.670955e+00 1.433628e-01 6.322729e-06 7.659698e-07 2.810351e+00 1.594468e-01 4.596669e-02 1.502449e-03 3.274817e-03 1.958980e-04 1.081079e+00 5.782302e-03 3.058829e-05 3.855869e-06 2.842821e+00 1.693137e-01
12 12 2.000000e-01 1.924370e+00 6.525150e-02 2.106289e-03 8.245547e-02 2.661374e-03 6.589766e-03 3.841149e-04 1.053915e-02 6.140885e-04 2.049719e+00 1.383110e-01 -1.071691e+03 1.150681e+06 3.118856e-01 1.962267e-02 0.000000e+00 0.000000e+00 0.000000e+00 8.865261e-02 2.769622e-02 9.164939e-04 1.209474e-03 7.318505e-05 3.889229e-01 2.731358e-02 1.227507e-04 1.470660e-05 2.760777e+00 1.593304e-01 4.398555e-06 5.598943e-07 2.876411e+00 1.727112e-01 4.078432e-02 1.339318e-03 2.584000e-03 1.549825e-04 8.230336e-01 3.359676e-03 1.906148e-05 2.435895e-06 2.846489e+00 1.721381e-01
12 12 2.000000e-01 2.007150e+00 6.111340e-02 1.966476e-03 7.722054e-02 2.484526e-03 5.758788e-03 3.344359e-04 9.207840e-03 5.346233e-04 1.710508e+00 1.148643e-01 -1.028801e+03 1.060648e+06 2.977547e-01 1.868365e-02 0.000000e+00 0.000000e+00 0.000000e+00 1.174111e-03 2.537750e-02 8.406763e-04 1.010660e-03 6.182089e-05 3.123204e-01 2.247751e-02 9.308519e-05 1.118774e-05 2.738668e+00 1.541558e-01 3.048063e-06 4.020796e-07 2.911807e+00 1.827290e-01 3.679348e-02 1.215084e-03 2.111686e-03 1.283642e-04 6.493273e-01 2.164847e-03 1.295532e-05 1.671651e-06 2.898665e+00 1.750504e-01
12 12 2.000000e-01 2.093491e+00 5.630234e-02 1.837084e-03 7.113505e-02 2.320751e-03 4.919926e-03 2.912170e-04 7.863059e-03 4.652542e-04 1.426451e+00 9.748910e-02 -9.864121e+02 9.751906e+05 2.722711e-01 1.709240e-02 0.000000e+00 0.000000e+00 0.000000e+00 1.332804e-03 2.368842e-02 7.844904e-04 8.790243e-04 5.435541e-05 2.603877e-01 1.922590e-02 6.871957e-05 8.352672e-06 2.806137e+00 1.570264e-01 2.321481e-06 3.164526e-07 2.958402e+00 1.964378e-01 3.376797e-02 1.123696e-03 1.788509e-03 1.098964e-04 5.328098e-01 1.497431e-03 9.446501e-06 1.245328e-06 2.930343e+00 1.822948e-01
12 12 2.000000e-01 2.183546e+00 5.242887e-02 1.716196e-03 6.623592e-02 2.168134e-03 4.273461e-03 2.569853e-04 6.829028e-03 4.106647e-04 1.194866e+00 8.435064e-02 -9.438757e+02 8.931137e+05 2.562354e-01 1.622361e-02 0.000000e+00 0.000000e+00 0.000000e+00 4.058208e-03 2.221654e-02 7.377610e-04 7.739996e-04 4.726401e-05 2.204346e-01 1.573059e-02 5.296146e-05 6.750094e-06 2.854611e+00 1.697613e-01 1.763060e-06 2.304136e-07 2.908731e+00 1.783609e-01 3.118517e-02 1.042511e-03 1.530081e-03 9.380282e-05 4.394552e-01 9.950110e-04 6.883088e-06 8.997301e-07 2.926585e+00 1.806254e-01
12 12 2.000000e-01 2.277474e+00 4.895359e-02 1.614495e-03 6.184373e-02 2.039362e-03 3.742564e-03 2.269116e-04 5.979012e-03 3.623552e-04 1.012357e+00 7.191028e-02 -9.035196e+02 8.186070e+05 2.423182e-01 1.527021e-02 0.000000e+00 0.000000e+00 0.000000e+00 3.043735e-02 2.108743e-02 7.059546e-04 7.006837e-04 4.395615e-05 1.934982e-01 1.452880e-02 4.089973e-05 5.339111e-06 2.889306e+00 1.813533e-01 1.495881e-06 2.105141e-07 3.007444e+00 2.012899e-01 2.883791e-02 9.556959e-04 1.299777e-03 7.961893e-05 3.540408e-01 6.648939e-04 4.958932e-06 6.701249e-07 2.918581e+00 1.891618e-01
12 12 2.000000e-01 2.375443e+00 4.557802e-02 1.501644e-03 5.757591e-02 1.896911e-03 3.239229e-03 1.972821e-04 5.174480e-03 3.150945e-04 8.394917e-01 6.061218e-02 -8.641226e+02 7.489770e+05 2.239223e-01 1.425225e-02 0.000000e+00 0.000000e+00 0.000000e+00 1.933906e-02 2.016774e-02 6.674160e-04 6.352239e-04 3.891448e-05 1.656244e-01 1.202909e-02 3.076248e-05 4.130447e-06 2.898926e+00 1.905222e-01 1.185683e-06 1.598488e-07 2.923129e+00 1.887710e-01 2.701801e-02 9.010895e-04 1.145849e-03 7.052228e-05 3.016610e-01 4.760596e-04 3.870008e-06 5.023907e-07 2.941258e+00 1.755173e-01
12 12 2.000000e-01 2.477627e+00 4.281080e-02 1.422837e-03 5.407424e-02 1.797130e-03 2.873917e-03 1.763631e-04 4.588828e-03 2.815600e-04 7.220791e-01 5.218740e-02 -8.260537e+02 6.846161e+05 2.057815e-01 1.293062e-02 0.000000e+00 0.000000e+00 0.000000e+00 2.961158e-03 1.917959e-02 6.404391e-04 5.783308e-04 3.605669e-05 1.462576e-01 1.088798e-02 2.439315e-05 3.275249e-06 2.932441e+00 1.914077e-01 1.006512e-06 1.407258e-07 2.986857e+00 2.056619e-01 2.581940e-02 8.653678e-04 1.049958e-03 6.556982e-05 2.667910e-01 3.969590e-04 3.313389e-06 4.589258e-07 2.997066e+00 2.022963e-01
12 12 2.000000e-01 2.584206e+00 4.013711e-02 1.332222e-03 5.069084e-02 1.682651e-03 2.521654e-03 1.551589e-04 4.024931e-03 2.476872e-04 6.068190e-01 4.417362e-02 -7.902063e+02 6.266772e+05 1.901593e-01 1.197706e-02 0.000000e+00 0.000000e+00 0.000000e+00 1.538948e-04 1.857244e-02 6.173402e-04 5.404564e-04 3.345676e-05 1.302223e-01 9.599223e-03 1.881142e-05 2.526800e-06 2.934530e+00 1.870089e-01 8.703004e-07 1.202639e-07 2.961507e+00 2.020629e-01 2.451557e-02 8.140343e-04 9.396725e-04 5.813818e-05 2.261733e-01 2.826565e-04 2.615467e-06 3.663157e-07 2.955833e+00 2.046060e-01
12 12 2.000000e-01 2.695369e+00 3.817935e-02 1.267825e-03 4.821768e-02 1.601239e-03 2.280638e-03 1.401800e-04 3.639871e-03 2.237703e-04 5.263587e-01 3.806482e-02 -7.546853e+02 5.717681e+05 1.733055e-01 1.091333e-02 0.000000e+00 0.000000e+00 0.000000e+00 3.415017e-04 1.791247e-02 5.991827e-04 5.049001e-04 3.143176e-05 1.176247e-01 8.702685e-03 1.532039e-05 2.038798e-06 2.930480e+00 1.854549e-01 7.649466e-07 1.049344e-07 2.984674e+00 1.947713e-01 2.332075e-02 7.790549e-04 8.543750e-04 5.335358e-05 1.987053e-01 2.237863e-04 2.193657e-06 3.100927e-07 2.991208e+00 2.066595e-01
12 12 2.000000e-01 2.811315e+00 3.632883e-02 1.209427e-03 4.588329e-02 1.527399e-03 2.070754e-03 1.274756e-04 3.305175e-03 2.034258e-04 4.596308e-01 3.337419e-02 -7.209085e+02 5.219365e+05 1.602230e-01 1.010370e-02 0.000000e+00 0.000000e+00 0.000000e+00 9.811876e-04 1.744523e-02 5.794129e-04 4.762953e-04 2.945619e-05 1.054206e-01 7.769240e-03 1.270382e-05 1.714486e-06 2.937064e+00 1.898163e-01 6.740933e-07 9.263782e-08 2.955998e+00 1.951120e-01 2.254006e-02 7.561650e-04 8.004793e-04 5.004814e-05 1.794162e-01 1.796514e-04 1.927773e-06 2.683437e-07 2.996090e+00 2.019296e-01
12 12 2.000000e-01 2.932248e+00 3.442521e-02 1.149527e-03 4.347069e-02 1.451559e-03 1.861062e-03 1.159758e-04 2.968458e-03 1.849778e-04 3.977032e-01 2.954031e-02 -6.882120e+02 4.758251e+05 1.449487e-01 9.103470e-03 0.000000e+00 0.000000e+00 0.000000e+00 3.252954e-05 1.698557e-02 5.697169e-04 4.549152e-04 2.864556e-05 9.777749e-02 7.380033e-03 1.038106e-05 1.449580e-06 2.985534e+00 2.024934e-01 6.306084e-07 8.935792e-08 3.029033e+00 2.106219e-01 2.177314e-02 7.261768e-04 7.440636e-04 4.625611e-05 1.587812e-01 1.405071e-04 1.657459e-06 2.284889e-07 2.973244e+00 1.973844e-01
12 12 2.000000e-01 3.058383e+00 3.322788e-02 1.103935e-03 4.196268e-02 1.394032e-03 1.728203e-03 1.056078e-04 2.757313e-03 1.684427e-04 3.516721e-01 2.506131e-02 -6.583020e+02 4.355667e+05 1.346336e-01 8.439057e-03 0.000000e+00 0.000000e+00 0.000000e+00 5.054816e-04 1.653684e-02 5.537913e-04 4.303198e-04 2.693364e-05 8.849818e-02 6.587417e-03 8.722999e-06 1.135860e-06 2.910285e+00 1.778398e-01 5.580221e-07 7.696854e-08 3.005101e+00 1.978824e-01 2.160346e-02 7.157340e-04 7.287763e-04 4.516148e-05 1.477564e-01 1.230546e-04 1.576940e-06 2.185535e-07 2.966456e+00 1.984169e-01
12 12 2.000000e-01 3.189945e+00 3.182772e-02 1.057743e-03 4.019575e-02 1.335774e-03 1.585899e-03 9.819646e-05 2.530687e-03 1.566764e-04 3.095973e-01 2.293615e-02 -6.294878e+02 3.984649e+05 1.241061e-01 7.709004e-03 0.000000e+00 0.000000e+00 0.000000e+00 2.130945e-01 1.631804e-02 5.420975e-04 4.166379e-04 2.586331e-05 8.132059e-02 6.036311e-03 7.475144e-06 1.041006e-06 2.959663e+00 2.012819e-01 5.174839e-07 7.257896e-08 2.972080e+00 2.083616e-01 2.080591e-02 6.951012e-04 6.800628e-04 4.255576e-05 1.336631e-01 1.021392e-04 1.393156e-06 1.969080e-07 3.001113e+00 2.074791e-01
12 12 2.000000e-01 3.327165e+00 3.073765e-02 1.019147e-03 3.881668e-02 1.287069e-03 1.476059e-03 9.098221e-05 2.355134e-03 1.451915e-04 2.755421e-01 2.028409e-02 -6.013199e+02 3.637345e+05 1.111277e-01 6.884730e-03 0.000000e+00 0.000000e+00 0.000000e+00 7.807789e-01 1.611747e-02 5.344994e-04 4.060712e-04 2.501728e-05 7.580537e-02 5.553061e-03 6.440586e-06 9.038011e-07 2.939807e+00 2.043314e-01 4.872102e-07 6.656752e-08 2.942023e+00 1.951723e-01 2.043241e-02 6.810866e-04 6.549200e-04 4.067853e-05 1.230957e-01 8.396962e-05 1.282495e-06 1.715841e-07 2.971038e+00 1.834295e-01
12 12 2.000000e-01 3.470288e+00 2.950073e-02 9.872916e-04 3.724974e-02 1.246621e-03 1.369282e-03 8.503806e-05 2.183492e-03 1.355823e-04 2.478990e-01 1.808830e-02 -5.760377e+02 3.339891e+05 1.031355e-01 6.487611e-03 0.000000e+00 0.000000e+00 0.000000e+00 4.801438e+00 1.603959e-02 5.354652e-04 4.040037e-04 2.507983e-05 7.290011e-02 5.356277e-03 5.597525e-06 7.458247e-07 2.970758e+00 1.836243e-01 4.859947e-07 6.594735e-08 2.973467e+00 1.937215e-01 1.980799e-02 6.645515e-04 6.184159e-04 3.895186e-05 1.123889e-01 7.409680e-05 1.165210e-06 1.665483e-07 3.028514e+00 2.111564e-01
12 12 2.000000e-01 3.619568e+00 2.856945e-02 9.547152e-04 3.607473e-02 1.205519e-03 1.282779e-03 7.975923e-05 2.045738e-03 1.271859e-04 2.222578e-01 1.640248e-02 -5.499809e+02 3.046118e+05 9.354920e-02 5.809243e-03 0.000000e+00 0.000000e+00 0.000000e+00 9.258314e-01 1.570667e-02 5.248179e-04 3.877595e-04 2.404540e-05 6.717931e-02 4.927709e-03 4.919731e-06 6.787113e-07 2.975560e+00 1.974619e-01 4.479812e-07 6.115610e-08 2.967459e+00 1.957046e-01 1.974702e-02 6.602819e-04 6.129960e-04 3.828487e-05 1.062790e-01 6.341581e-05 1.128904e-06 1.571452e-07 2.995093e+00 2.035664e-01
12 12 2.000000e-01 3.775270e+00 2.772644e-02 9.289798e-04 3.501096e-02 1.173019e-03 1.210247e-03 7.570306e-05 1.930174e-03 1.207501e-04 2.017138e-01 1.499361e-02 -5.260330e+02 2.788089e+05 8.456253e-02 5.284432e-03 0.000000e+00 0.000000e+00 0.000000e+00 1.212189e-01 1.566941e-02 5.211106e-04 3.844176e-04 2.388807e-05 6.345122e-02 4.728287e-03 4.410111e-06 6.078310e-07 2.998914e+00 1.970327e-01 4.405648e-07 6.200197e-08 2.976988e+00 2.075173e-01 1.941224e-02 6.515665e-04 5.939606e-04 3.706996e-05 9.923706e-02 5.492369e-05 1.059476e-06 1.472351e-07 2.990193e+00 1.997358e-01
12 12 2.000000e-01 3.937669e+00 2.721552e-02 9.014905e-04 3.436769e-02 1.138436e-03 1.156876e-03 7.126473e-05 1.845588e-03 1.136925e-04 1.822134e-01 1.334005e-02 -5.031127e+02 2.552099e+05 7.720547e-02 4.785756e-03 0.000000e+00 0.000000e+00 0.000000e+00 5.797520e-01 1.549166e-02 5.153710e-04 3.758990e-04 2.324459e-05 5.953952e-02 4.369762e-03 3.955835e-06 5.310410e-07 2.941582e+00 1.864430e-01 4.194595e-07 5.717679e-08 2.954721e+00 1.929449e-01 1.920690e-02 6.435558e-04 5.808933e-04 3.638898e-05 9.281992e-02 4.792371e-05 1.018477e-06 1.371625e-07 3.004568e+00 1.875958e-01
12 12 2.000000e-01 4.107054e+00 2.630039e-02 8.756161e-04 3.321036e-02 1.105731e-03 1.083939e-03 6.740226e-05 1.728952e-03 1.075260e-04 1.647403e-01 1.227142e-02 -4.815358e+02 2.339656e+05 7.118193e-02 4.417963e-03 0.000000e+00 0.000000e+00 0.000000e+00 1.424769e+00 1.548142e-02 5.140062e-04 3.748617e-04 2.319766e-05 5.677621e-02 4.198704e-03 3.510343e-06 4.923903e-07 2.975993e+00 2.047111e-01 4.177233e-07 5.830560e-08 2.957719e+00 2.016635e-01 1.884528e-02 6.260511e-04 5.558383e-04 3.412762e-05 8.424720e-02 3.826795e-05 9.096262e-07 1.248143e-07 2.928627e+00 1.954903e-01
12 12 2.000000e-01 4.283725e+00 2.566404e-02 8.556117e-04 3.240608e-02 1.080430e-03 1.033362e-03 6.431883e-05 1.648096e-03 1.025724e-04 1.508763e-01 1.121813e-02 -4.604294e+02 2.140578e+05 6.462548e-02 3.990895e-03 0.000000e+00 0.000000e+00 0.000000e+00 -1.049910e+03 1.540445e-02 5.126419e-04 3.717645e-04 2.293885e-05 5.414169e-02 3.957059e-03 3.200733e-06 4.460259e-07 2.980547e+00 2.011080e-01 4.089591e-07 5.570406e-08 2.944972e+00 1.916263e-01 1.860697e-02 6.245197e-04 5.457490e-04 3.441788e-05 8.032955e-02 3.764735e-05 9.066831e-07 1.297380e-07 3.031475e+00 2.103050e-01
12 12 2.000000e-01 4.467996e+00 2.513934e-02 8.357773e-04 3.174400e-02 1.055357e-03 9.896238e-04 6.135611e-05 1.578335e-03 9.785869e-05 1.379951e-01 1.022157e-02 -4.407805e+02 1.963249e+05 5.870439e-02 3.662593e-03 0.000000e+00 0.000000e+00 0.000000e+00 2.745034e+05 1.539001e-02 5.095677e-04 3.698553e-04 2.289695e-05 5.130104e-02 3.817952e-03 2.917236e-06 4.066781e-07 2.967412e+00 2.036263e-01 4.073537e-07 5.751538e-08 2.956652e+00 2.040090e-01 1.850080e-02 6.138007e-04 5.350035e-04 3.295333e-05 7.440217e-02 2.995142e-05 8.441728e-07 1.149604e-07 2.940917e+00 1.937080e-01
12 12 2.000000e-01 4.660194e+00 2.433370e-02 8.133732e-04 3.072766e-02 1.027037e-03 9.308242e-04 5.772569e-05 1.484611e-03 9.205733e-05 1.252890e-01 9.144635e-03 -4.216245e+02 1.798534e+05 5.522684e-02 3.472417e-03 0.000000e+00 0.000000e+00 0.000000e+00 1.135351e-02 1.533131e-02 5.088414e-04 3.676011e-04 2.269093e-05 4.904442e-02 3.610647e-03 2.581839e-06 3.474295e-07 2.966560e+00 1.891842e-01 4.003627e-07 5.585903e-08 2.948356e+00 2.027292e-01 1.849664e-02 6.183073e-04 5.376304e-04 3.353303e-05 7.241416e-02 2.939517e-05 8.680922e-07 1.202544e-07 2.985014e+00 1.978083e-01
12 12 2.000000e-01 4.860660e+00 2.412004e-02 7.992707e-04 3.045788e-02 1.009276e-03 9.090642e-04 5.594854e-05 1.450015e-03 8.924154e-05 1.160312e-01 8.486945e-03 -4.046446e+02 1.657577e+05 4.921855e-02 3.073646e-03 0.000000e+00 0.000000e+00 0.000000e+00 0.000000e+00 1.516807e-02 5.083549e-04 3.623674e-04 2.268538e-05 4.692839e-02 3.480845e-03 2.439242e-06 3.301264e-07 2.938170e+00 1.899806e-01 3.962461e-07 5.448562e-08 3.002996e+00 1.981479e-01 1.803950e-02 5.981238e-04 5.083543e-04 3.122039e-05 6.495599e-02 2.251455e-05 7.593135e-07 1.007856e-07 2.925967e+00 1.812779e-01
12 12 2.000000e-01 5.069749e+00 2.359012e-02 7.895643e-04 2.978644e-02 9.969427e-04 8.755727e-04 5.491306e-05 1.396151e-03 8.755050e-05 1.085295e-01 8.124852e-03 -3.868805e+02 1.517430e+05 4.630836e-02 2.877950e-03 0.000000e+00 0.000000e+00 0.000000e+00 0.000000e+00 1.525613e-02 5.119102e-04 3.668030e-04 2.317773e-05 4.560919e-02 3.471536e-03 2.319457e-06 3.251661e-07 3.011212e+00 2.045632e-01 4.104242e-07 5.827104e-08 3.040719e+00 2.088051e-01 1.818323e-02 6.067648e-04 5.188880e-04 3.216304e-05 6.407919e-02 2.278762e-05 8.007180e-07 1.121443e-07 2.963374e+00 2.026388e-01
12 12 2.000000e-01 5.287832e+00 2.313998e-02 7.764112e-04 2.922110e-02 9.804215e-04 8.440647e-04 5.273190e-05 1.346439e-03 8.410625e-05 1.006451e-01 7.467795e-03 -3.710501e+02 1.397006e+05 4.166970e-02 2.599018e-03 0.000000e+00 0.000000e+00 0.000000e+00 0.000000e+00 1.529383e-02 5.112439e-04 3.675747e-04 2.296765e-05 4.362386e-02 3.260409e-03 2.146006e-06 3.016417e-07 2.992741e+00 2.062802e-01 4.067368e-07 5.735677e-08 2.993397e+00 2.045697e-01 1.821429e-02 6.054208e-04 5.193473e-04 3.196519e-05 6.115879e-02 1.983562e-05 7.942132e-07 1.044800e-07 2.940194e+00 1.817796e-01
12 12 2.000000e-01 5.515296e+00 2.275474e-02 7.603133e-04 2.872787e-02 9.599419e-04 8.134226e-04 5.068839e-05 1.296490e-03 8.080060e-05 9.247929e-02 6.859402e-03 -3.542588e+02 1.275142e+05 3.816926e-02 2.388985e-03 0.000000e+00 0.000000e+00 0.000000e+00 0.000000e+00 1.527815e-02 5.085707e-04 3.657587e-04 2.275774e-05 4.139959e-02 3.082269e-03 1.981449e-06 2.748373e-07 2.985752e+00 2.012349e-01 4.009609e-07 5.612221e-08 2.975380e+00 1.998823e-01 1.798320e-02 6.016081e-04 5.087766e-04 3.172615e-05 5.791312e-02 1.884164e-05 7.775012e-07 1.085421e-07 2.987085e+00 2.010200e-01
12 12 2.000000e-01 5.752545e+00 2.236377e-02 7.511772e-04 2.823621e-02 9.484012e-04 7.889949e-04 4.949311e-05 1.257761e-03 7.889081e-05 8.660695e-02 6.451363e-03 -3.399241e+02 1.175516e+05 3.492500e-02 2.166931e-03 0.000000e+00 0.000000e+00 0.000000e+00 0.000000e+00 1.533200e-02 5.101278e-04 3.682497e-04 2.283104e-05 3.991219e-02 2.947550e-03 1.886530e-06 2.629234e-07 3.008267e+00 2.006482e-01 4.035489e-07 5.524521e-08 2.971299e+00 1.948503e-01 1.785246e-02 5.969191e-04 5.011211e-04 3.117196e-05 5.468859e-02 1.652871e-05 7.519912e-07 1.028099e-07 2.977351e+00 1.926869e-01
12 12 2.000000e-01 6.000000e+00 2.223634e-02 7.451572e-04 2.807533e-02 9.407403e-04 7.784708e-04 4.888276e-05 1.240877e-03 7.791333e-05 8.167387e-02 6.145550e-03 -3.253221e+02 1.078255e+05 3.191688e-02 2.010969e-03 0.000000e+00 0.000000e+00 0.000000e+00 0.000000e+00 1.524676e-02 5.107891e-04 3.660154e-04 2.291823e-05 3.837332e-02 2.873632e-03 1.835082e-06 2.592833e-07 3.017256e+00 2.059812e-01 4.041989e-07 5.693023e-08 3.006630e+00 2.063976e-01 1.784808e-02 5.890488e-04 4.960924e-04 3.051203e-05 5.101985e-02 1.422573e-05 7.237599e-07 9.793229e-08 2.935253e+00 1.901138e-01
