# L = 8
# Lz = 8
# disorder_filling = 5.000000e-01
# J33 = 2.000000e-01
# J34 = -1.000000e+00
# J44 = -1.000000e+00
# T_min = 5.000000e-01
# T_max = 0.000000e+00
# T_steps = 60
# disorder_steps = 50
# mc_bins = 1024
# mc_binsize = 40
# thermalization_bins = 1024
# seed_disorder = 1
# seed_mc = 6001
# disorder averaged number of filled sites = 9.885934e-01
# 1: L; 2: Lz; 3: disorder_filling; 4: temperature; 5: magnetization1; 6: sigma_magnetization1; 7: magnetization2; 8: sigma_magnetization2; 9: magnetization1_squared; 10: sigma_magnetization1_squared; 11: magnetization2_squared; 12: sigma_magnetization2_squared; 13: chi_magnetization1; 14: sigma_chi_magnetization1; 15: energy; 16: energy_squared; 17: specific_heat; 18: sigma_specific_heat; 19: xi_a; 20: sigma_xi_a; 21: xi_b; 22: sigma_xi_b; 23: magnetization AF; 24: sigma_magnetizationAF; 25: magnetizationAF_squared; 26: sigma_magnetizationAF_squared; 27: chi_magnetizationAF; 28: sigma_chi_magnetizationAF; 29: magnetization_four; 30: sigma_magnetization_four; 31: binder_ratio; 32: sigma_binder_ratio; 33: magnetizationAF_four; 34: sigma_magnetizationAF_four; 35: binder_ratioAF; 36: sigma_binder_ratioAF; 37:magnetization_replica; 38: sigma_magnetization_replica; 39:magnetization_replica_squared; 40: sigma_magnetization_replica_squared; 41:chi_magnetization_replica; 42: sigma_chi_magnetization_replica; 43:magnetization_replica_four; 44: sigma_magnetization_replica_four; 45:binder_ratio_replica; 46: sigma_binder_ratio_replica;  
8 8 5.000000e-01 5.000000e-01 9.539008e-01 2.719598e-04 9.613829e-01 2.740617e-04 9.100471e-01 5.184516e-04 9.243786e-01 5.264956e-04 7.791857e-02 3.466023e-03 -1.079359e+03 1.165132e+06 2.119923e-02 1.339278e-03 1.889516e+01 6.317116e-01 inf -nan 1.393047e-02 2.516742e-04 3.053676e-04 9.055516e-06 6.926490e-02 3.050270e-03 8.286221e-01 9.425707e-04 1.000335e+00 1.485802e-05 2.737252e-07 1.444713e-08 2.373386e+00 8.566911e-02 9.474992e-01 3.120832e-04 8.979148e-01 5.907805e-04 1.027279e-01 2.111506e-05 8.068221e-01 1.059293e-03 1.000447e+00 1.958124e-05
8 8 5.000000e-01 5.215083e-01 9.534404e-01 2.746848e-04 9.609189e-01 2.768096e-04 9.091699e-01 5.233840e-04 9.234877e-01 5.315115e-04 7.623356e-02 3.377843e-03 -1.079115e+03 1.164604e+06 2.381045e-02 1.461651e-03 1.866695e+01 6.322691e-01 inf -nan 1.401054e-02 2.535825e-04 3.084657e-04 9.192916e-06 6.742214e-02 2.976176e-03 8.270294e-01 9.505889e-04 1.000342e+00 1.512590e-05 2.792755e-07 1.478981e-08 2.377152e+00 8.741272e-02 9.465639e-01 3.180709e-04 8.961478e-01 6.015865e-04 1.022009e-01 2.119127e-05 8.036669e-01 1.076796e-03 1.000465e+00 2.045189e-05
8 8 5.000000e-01 5.439418e-01 9.529201e-01 2.771877e-04 9.603943e-01 2.793298e-04 9.081795e-01 5.278149e-04 9.224811e-01 5.360039e-04 7.443170e-02 3.335629e-03 -1.078821e+03 1.163972e+06 2.624145e-02 1.509478e-03 1.840879e+01 6.324294e-01 inf -nan 1.400112e-02 2.547471e-04 3.076476e-04 9.243912e-06 6.508348e-02 2.890053e-03 8.252344e-01 9.574193e-04 1.000348e+00 1.558660e-05 2.771549e-07 1.489146e-08 2.392364e+00 8.712620e-02 9.457257e-01 3.220883e-04 8.945631e-01 6.085551e-04 1.005695e-01 2.082741e-05 8.008334e-01 1.087044e-03 1.000478e+00 2.124852e-05
8 8 5.000000e-01 5.673403e-01 9.523173e-01 2.806803e-04 9.597869e-01 2.828472e-04 9.070327e-01 5.341821e-04 9.213165e-01 5.424612e-04 7.312748e-02 3.262302e-03 -1.078492e+03 1.163264e+06 2.909148e-02 1.649793e-03 1.797406e+01 6.329933e-01 inf -nan 1.408794e-02 2.592551e-04 3.119874e-04 9.497351e-06 6.470367e-02 2.863879e-03 8.231579e-01 9.679497e-04 1.000358e+00 1.592368e-05 2.850618e-07 1.545535e-08 2.410322e+00 9.075983e-02 9.446577e-01 3.265464e-04 8.925471e-01 6.163418e-04 9.897526e-02 1.968510e-05 7.972398e-01 1.098691e-03 1.000492e+00 2.168891e-05
8 8 5.000000e-01 5.917453e-01 9.516791e-01 2.860684e-04 9.591438e-01 2.882803e-04 9.058204e-01 5.440212e-04 9.200855e-01 5.524659e-04 7.283949e-02 3.251065e-03 -1.078105e+03 1.162431e+06 3.214382e-02 1.790102e-03 1.742551e+01 6.342999e-01 inf -nan 1.416489e-02 2.609130e-04 3.147177e-04 9.628012e-06 6.274439e-02 2.806928e-03 8.209696e-01 9.842907e-04 1.000372e+00 1.656719e-05 2.902332e-07 1.611462e-08 2.413572e+00 9.479434e-02 9.435357e-01 3.312692e-04 8.904310e-01 6.244708e-04 9.766909e-02 1.922075e-05 7.934740e-01 1.110398e-03 1.000508e+00 2.237935e-05
8 8 5.000000e-01 6.172002e-01 9.509478e-01 2.893755e-04 9.584065e-01 2.916135e-04 9.044309e-01 5.499315e-04 9.186730e-01 5.584693e-04 7.141821e-02 3.171631e-03 -1.077665e+03 1.161483e+06 3.508732e-02 1.905935e-03 1.692542e+01 6.357347e-01 inf -nan 1.421696e-02 2.642632e-04 3.178781e-04 9.825705e-06 6.172222e-02 2.749369e-03 8.184605e-01 9.936235e-04 1.000381e+00 1.689630e-05 2.970626e-07 1.647528e-08 2.429463e+00 8.900335e-02 9.422085e-01 3.395542e-04 8.879335e-01 6.391793e-04 9.823414e-02 1.979459e-05 7.890498e-01 1.133367e-03 1.000533e+00 2.376167e-05
8 8 5.000000e-01 6.437500e-01 9.501199e-01 2.929525e-04 9.575721e-01 2.952198e-04 9.028582e-01 5.561811e-04 9.170756e-01 5.648225e-04 7.016444e-02 3.133882e-03 -1.077170e+03 1.160419e+06 3.813583e-02 2.018391e-03 1.664582e+01 6.367417e-01 inf -nan 1.430351e-02 2.649365e-04 3.207414e-04 9.888030e-06 5.941091e-02 2.653635e-03 8.156217e-01 1.002950e-03 1.000391e+00 1.743052e-05 3.002982e-07 1.674837e-08 2.422918e+00 9.247624e-02 9.407841e-01 3.461370e-04 8.852541e-01 6.506372e-04 9.787587e-02 1.904552e-05 7.843066e-01 1.150391e-03 1.000556e+00 2.442578e-05
8 8 5.000000e-01 6.714419e-01 9.491792e-01 2.993762e-04 9.566240e-01 3.016909e-04 9.010758e-01 5.677942e-04 9.152650e-01 5.766075e-04 7.025357e-02 3.137461e-03 -1.076594e+03 1.159181e+06 4.205925e-02 2.225628e-03 1.599230e+01 6.396255e-01 inf -nan 1.436569e-02 2.708480e-04 3.247340e-04 1.020183e-05 5.947461e-02 2.655973e-03 8.124205e-01 1.021813e-03 1.000409e+00 1.823180e-05 3.088146e-07 1.747696e-08 2.455360e+00 9.281181e-02 9.390880e-01 3.551009e-04 8.820722e-01 6.660675e-04 9.882406e-02 2.023013e-05 7.787038e-01 1.172742e-03 1.000588e+00 2.633590e-05
8 8 5.000000e-01 7.003251e-01 9.482451e-01 3.031071e-04 9.556829e-01 3.054504e-04 8.993050e-01 5.742933e-04 9.134676e-01 5.832071e-04 6.902567e-02 3.080568e-03 -1.075968e+03 1.157835e+06 4.481176e-02 2.287275e-03 1.538195e+01 6.431384e-01 inf -nan 1.450848e-02 2.749985e-04 3.306994e-04 1.047963e-05 5.883298e-02 2.633409e-03 8.092372e-01 1.031446e-03 1.000420e+00 1.870914e-05 3.210694e-07 1.855879e-08 2.453640e+00 9.286657e-02 9.373951e-01 3.605514e-04 8.788974e-01 6.752224e-04 9.759522e-02 1.890102e-05 7.731173e-01 1.185096e-03 1.000607e+00 2.670911e-05
8 8 5.000000e-01 7.304506e-01 9.471735e-01 3.094049e-04 9.546027e-01 3.118027e-04 8.972780e-01 5.855760e-04 9.114078e-01 5.946867e-04 6.887366e-02 3.083567e-03 -1.075261e+03 1.156316e+06 4.874305e-02 2.457074e-03 1.468425e+01 6.475824e-01 inf -nan 1.465389e-02 2.779554e-04 3.361540e-04 1.066401e-05 5.743188e-02 2.562714e-03 8.056095e-01 1.049406e-03 1.000438e+00 1.957107e-05 3.282613e-07 1.888482e-08 2.451270e+00 9.099226e-02 9.355319e-01 3.718263e-04 8.754160e-01 6.948879e-04 9.939141e-02 2.014000e-05 7.670360e-01 1.214601e-03 1.000648e+00 2.892157e-05
8 8 5.000000e-01 7.618721e-01 9.459107e-01 3.171271e-04 9.533298e-01 3.195779e-04 8.948908e-01 5.993496e-04 9.089826e-01 6.086483e-04 6.939468e-02 3.091545e-03 -1.074423e+03 1.154520e+06 5.225797e-02 2.609734e-03 1.402003e+01 6.529606e-01 inf -nan 1.481770e-02 2.833213e-04 3.437112e-04 1.103718e-05 5.716493e-02 2.569943e-03 8.013423e-01 1.071101e-03 1.000461e+00 2.051617e-05 3.430209e-07 2.017433e-08 2.475116e+00 9.338461e-02 9.331722e-01 3.791437e-04 8.710103e-01 7.068411e-04 9.914576e-02 1.995838e-05 7.593519e-01 1.229535e-03 1.000677e+00 3.012144e-05
8 8 5.000000e-01 7.946452e-01 9.446600e-01 3.237263e-04 9.520696e-01 3.262332e-04 8.925306e-01 6.109440e-04 9.065865e-01 6.204422e-04 6.930962e-02 3.115869e-03 -1.073518e+03 1.152579e+06 5.622163e-02 2.807318e-03 1.318839e+01 6.597607e-01 inf -nan 1.492870e-02 2.874478e-04 3.486940e-04 1.132609e-05 5.640025e-02 2.543750e-03 7.971375e-01 1.088721e-03 1.000482e+00 2.160250e-05 3.529209e-07 2.125327e-08 2.486376e+00 1.017482e-01 9.308315e-01 3.908274e-04 8.666564e-01 7.267743e-04 1.009693e-01 2.048905e-05 7.518150e-01 1.257860e-03 1.000723e+00 3.197971e-05
8 8 5.000000e-01 8.288282e-01 9.432164e-01 3.312592e-04 9.506147e-01 3.338302e-04 8.898089e-01 6.242136e-04 9.038219e-01 6.339409e-04 6.954884e-02 3.112068e-03 -1.072485e+03 1.150367e+06 6.075577e-02 3.004229e-03 1.240215e+01 6.671272e-01 inf -nan 1.509312e-02 2.914576e-04 3.557424e-04 1.159748e-05 5.558506e-02 2.508367e-03 7.922978e-01 1.109024e-03 1.000506e+00 2.258679e-05 3.660950e-07 2.216475e-08 2.486756e+00 9.914523e-02 9.282338e-01 4.024175e-04 8.618352e-01 7.461267e-04 1.025627e-01 2.114740e-05 7.435047e-01 1.283830e-03 1.000770e+00 3.417498e-05
8 8 5.000000e-01 8.644815e-01 9.416304e-01 3.387066e-04 9.490165e-01 3.413382e-04 8.868242e-01 6.371528e-04 9.007911e-01 6.470925e-04 6.969693e-02 3.134189e-03 -1.071328e+03 1.147892e+06 6.504914e-02 3.183382e-03 1.152476e+01 6.765769e-01 inf -nan 1.521091e-02 2.979284e-04 3.616965e-04 1.200188e-05 5.564930e-02 2.509041e-03 7.870094e-01 1.128169e-03 1.000530e+00 2.379469e-05 3.785024e-07 2.335721e-08 2.505675e+00 9.746454e-02 9.254298e-01 4.128750e-04 8.566454e-01 7.631424e-04 1.035170e-01 2.146964e-05 7.346082e-01 1.305050e-03 1.000815e+00 3.612065e-05
8 8 5.000000e-01 9.016685e-01 9.399465e-01 3.472168e-04 9.473195e-01 3.499041e-04 8.836611e-01 6.519572e-04 8.975783e-01 6.620885e-04 7.022761e-02 3.181598e-03 -1.070065e+03 1.145192e+06 6.980030e-02 3.432294e-03 1.068414e+01 6.866577e-01 1.641337e+02 inf 1.534592e-02 3.019397e-04 3.681329e-04 1.228159e-05 5.471893e-02 2.474611e-03 7.814261e-01 1.150174e-03 1.000559e+00 2.525703e-05 3.920516e-07 2.444619e-08 2.520576e+00 1.019930e-01 9.224619e-01 4.251560e-04 8.511695e-01 7.832911e-04 1.052175e-01 2.219970e-05 7.252810e-01 1.330892e-03 1.000870e+00 3.855534e-05
8 8 5.000000e-01 9.404552e-01 9.380963e-01 3.543748e-04 9.454548e-01 3.571216e-04 8.801912e-01 6.640329e-04 8.940540e-01 6.743666e-04 7.013698e-02 3.184681e-03 -1.068619e+03 1.142105e+06 7.354584e-02 3.578734e-03 9.730202e+00 6.987925e-01 inf -nan 1.562588e-02 3.088956e-04 3.803900e-04 1.282655e-05 5.491324e-02 2.501203e-03 7.753206e-01 1.166716e-03 1.000585e+00 2.647821e-05 4.170875e-07 2.674709e-08 2.515382e+00 1.014238e-01 9.190784e-01 4.352198e-04 8.449461e-01 7.989317e-04 1.057149e-01 2.290364e-05 7.147441e-01 1.347765e-03 1.000918e+00 4.113216e-05
8 8 5.000000e-01 9.809104e-01 9.361245e-01 3.637771e-04 9.434679e-01 3.665974e-04 8.765018e-01 6.802733e-04 8.903077e-01 6.908634e-04 7.082007e-02 3.190168e-03 -1.067071e+03 1.138806e+06 7.791521e-02 3.771488e-03 8.700245e+00 7.131987e-01 3.856876e+01 inf 1.578423e-02 3.164354e-04 3.884061e-04 1.337319e-05 5.507123e-02 2.533336e-03 7.688582e-01 1.190453e-03 1.000618e+00 2.777908e-05 4.348083e-07 2.862767e-08 2.561370e+00 1.039789e-01 9.155108e-01 4.499575e-04 8.384145e-01 8.227115e-04 1.082772e-01 2.344535e-05 7.037880e-01 1.376975e-03 1.000988e+00 4.380871e-05
8 8 5.000000e-01 1.023106e+00 9.340445e-01 3.751437e-04 9.413717e-01 3.780542e-04 8.726188e-01 6.999118e-04 8.863641e-01 7.108158e-04 7.222297e-02 3.257417e-03 -1.065363e+03 1.135172e+06 8.365679e-02 4.008001e-03 7.668203e+00 7.286872e-01 inf -nan 1.589199e-02 3.211338e-04 3.941493e-04 1.366603e-05 5.436991e-02 2.492587e-03 7.620886e-01 1.219234e-03 1.000660e+00 2.971692e-05 4.470474e-07 2.944667e-08 2.573127e+00 1.057298e-01 9.118081e-01 4.609439e-04 8.316581e-01 8.394842e-04 1.089551e-01 2.353419e-05 6.925296e-01 1.394099e-03 1.001045e+00 4.608342e-05
8 8 5.000000e-01 1.067116e+00 9.316285e-01 3.847703e-04 9.389369e-01 3.877550e-04 8.681186e-01 7.160141e-04 8.817936e-01 7.271668e-04 7.281394e-02 3.298570e-03 -1.063339e+03 1.130873e+06 8.974587e-02 4.279763e-03 6.585779e+00 7.459065e-01 5.220573e+01 inf 1.612656e-02 3.291481e-04 4.058035e-04 1.432185e-05 5.472954e-02 2.535566e-03 7.542767e-01 1.240895e-03 1.000698e+00 3.152689e-05 4.773243e-07 3.282448e-08 2.592594e+00 1.085763e-01 9.076810e-01 4.775244e-04 8.241659e-01 8.656760e-04 1.121106e-01 2.525342e-05 6.801718e-01 1.424561e-03 1.001132e+00 5.033408e-05
8 8 5.000000e-01 1.113020e+00 9.290845e-01 3.973296e-04 9.363734e-01 4.004123e-04 8.633944e-01 7.372629e-04 8.769966e-01 7.487499e-04 7.445691e-02 3.373173e-03 -1.061145e+03 1.126223e+06 9.611770e-02 4.620355e-03 5.399292e+00 7.667645e-01 6.392717e+01 inf 1.636337e-02 3.355202e-04 4.168576e-04 1.474433e-05 5.443533e-02 2.492377e-03 7.461253e-01 1.270469e-03 1.000748e+00 3.378508e-05 4.979513e-07 3.357062e-08 2.582189e+00 1.001803e-01 9.032066e-01 4.927749e-04 8.160768e-01 8.889743e-04 1.144396e-01 2.563394e-05 6.669384e-01 1.448782e-03 1.001217e+00 5.342161e-05
8 8 5.000000e-01 1.160898e+00 9.263856e-01 4.091361e-04 9.336534e-01 4.123079e-04 8.583964e-01 7.569082e-04 8.719201e-01 7.686918e-04 7.570974e-02 3.428917e-03 -1.058741e+03 1.121139e+06 1.024689e-01 4.867287e-03 -nan -nan 5.589813e-02 inf 1.649132e-02 3.415896e-04 4.254645e-04 1.519412e-05 5.405984e-02 2.486585e-03 7.375493e-01 1.296633e-03 1.000798e+00 3.604585e-05 5.225723e-07 3.588636e-08 2.610168e+00 1.071360e-01 8.985276e-01 5.070159e-04 8.076633e-01 9.098441e-04 1.161322e-01 2.694509e-05 6.533216e-01 1.467389e-03 1.001302e+00 5.769945e-05
8 8 5.000000e-01 1.210836e+00 9.233389e-01 4.212443e-04 9.305829e-01 4.245138e-04 8.527707e-01 7.767334e-04 8.662062e-01 7.888405e-04 7.691229e-02 3.486168e-03 -1.056010e+03 1.115379e+06 1.096525e-01 5.219290e-03 -nan -nan inf -nan 1.675060e-02 3.476259e-04 4.359755e-04 1.577840e-05 5.360151e-02 2.495799e-03 7.279513e-01 1.321893e-03 1.000851e+00 3.846850e-05 5.472047e-07 3.921240e-08 2.609666e+00 1.089526e-01 8.933907e-01 5.208766e-04 7.984726e-01 9.292220e-04 1.174787e-01 2.788672e-05 6.385932e-01 1.481236e-03 1.001389e+00 6.198130e-05
8 8 5.000000e-01 1.262922e+00 9.201562e-01 4.356306e-04 9.273754e-01 4.390217e-04 8.469153e-01 8.003958e-04 8.602594e-01 8.129092e-04 7.881242e-02 3.592413e-03 -1.052954e+03 1.108948e+06 1.169621e-01 5.503917e-03 -nan -nan 6.100857e-02 inf 1.705490e-02 3.575657e-04 4.542997e-04 1.662097e-05 5.444104e-02 2.540796e-03 7.180345e-01 1.352585e-03 1.000916e+00 4.158631e-05 5.995385e-07 4.315378e-08 2.641134e+00 1.116713e-01 8.878722e-01 5.369705e-04 7.886617e-01 9.520578e-04 1.196786e-01 2.891737e-05 6.230695e-01 1.499286e-03 1.001494e+00 6.659735e-05
8 8 5.000000e-01 1.317249e+00 9.165992e-01 4.513931e-04 9.237912e-01 4.548943e-04 8.403965e-01 8.260987e-04 8.536403e-01 8.389683e-04 8.118651e-02 3.674248e-03 -1.049578e+03 1.101870e+06 1.258800e-01 5.968012e-03 -nan -nan 6.150422e-02 inf 1.719494e-02 3.645147e-04 4.621479e-04 1.721857e-05 5.416579e-02 2.560000e-03 7.070773e-01 1.385172e-03 1.000991e+00 4.470605e-05 6.238536e-07 4.633119e-08 2.674206e+00 1.159330e-01 8.819452e-01 5.576109e-04 7.781965e-01 9.819467e-04 1.237412e-01 3.072664e-05 6.067337e-01 1.525654e-03 1.001632e+00 7.257421e-05
8 8 5.000000e-01 1.373912e+00 9.129356e-01 4.658212e-04 9.200989e-01 4.694428e-04 8.337068e-01 8.489656e-04 8.468454e-01 8.622226e-04 8.288337e-02 3.760336e-03 -1.045852e+03 1.094082e+06 1.347199e-01 6.410960e-03 -nan -nan 5.964076e-02 inf 1.743896e-02 3.734853e-04 4.758078e-04 1.791984e-05 5.442338e-02 2.570498e-03 6.959145e-01 1.411847e-03 1.001064e+00 4.809915e-05 6.590050e-07 4.988694e-08 2.689617e+00 1.161822e-01 8.756953e-01 5.784927e-04 7.672362e-01 1.011318e-03 1.277423e-01 3.234431e-05 5.898541e-01 1.548794e-03 1.001783e+00 7.875637e-05
8 8 5.000000e-01 1.433013e+00 9.088091e-01 4.832119e-04 9.159408e-01 4.869656e-04 8.262050e-01 8.766770e-04 8.392284e-01 8.903563e-04 8.547721e-02 3.883542e-03 -1.041563e+03 1.085157e+06 1.451226e-01 6.877497e-03 -nan -nan 5.871759e-02 inf 1.763966e-02 3.804063e-04 4.864284e-04 1.850291e-05 5.394931e-02 2.557183e-03 6.835065e-01 1.444927e-03 1.001154e+00 5.226126e-05 6.871071e-07 5.291871e-08 2.705855e+00 1.158869e-01 8.686714e-01 5.991693e-04 7.550088e-01 1.039068e-03 1.313078e-01 3.464447e-05 5.712964e-01 1.566204e-03 1.001942e+00 8.643614e-05
8 8 5.000000e-01 1.494657e+00 9.043324e-01 5.026782e-04 9.114295e-01 5.065732e-04 8.181080e-01 9.073246e-04 8.310054e-01 9.214479e-04 8.871190e-02 4.036395e-03 -1.036734e+03 1.075155e+06 1.589929e-01 7.535872e-03 -nan -nan 5.747209e-02 inf 1.785721e-02 3.877169e-04 4.986861e-04 1.915147e-05 5.383013e-02 2.546975e-03 6.702476e-01 1.480353e-03 1.001261e+00 5.718845e-05 7.273811e-07 5.647482e-08 2.706423e+00 1.169742e-01 8.612540e-01 6.210436e-04 7.422063e-01 1.067709e-03 1.352575e-01 3.701747e-05 5.521929e-01 1.582082e-03 1.002122e+00 9.470008e-05
8 8 5.000000e-01 1.558952e+00 8.993559e-01 5.256830e-04 9.064140e-01 5.297652e-04 8.091568e-01 9.433630e-04 8.219134e-01 9.580800e-04 9.300566e-02 4.238670e-03 -1.031337e+03 1.064030e+06 1.725511e-01 8.069166e-03 -nan -nan 5.696115e-02 inf 1.816387e-02 3.954972e-04 5.145691e-04 1.982368e-05 5.354871e-02 2.527239e-03 6.557513e-01 1.521650e-03 1.001394e+00 6.324668e-05 7.668762e-07 5.939200e-08 2.704134e+00 1.145493e-01 8.530826e-01 6.476255e-04 7.282354e-01 1.102882e-03 1.409804e-01 3.938519e-05 5.317337e-01 1.603824e-03 1.002351e+00 1.039992e-04
8 8 5.000000e-01 1.626012e+00 8.939028e-01 5.472043e-04 9.009188e-01 5.514583e-04 7.994012e-01 9.760515e-04 8.120065e-01 9.912968e-04 9.663129e-02 4.404696e-03 -1.025098e+03 1.051241e+06 1.874579e-01 8.693337e-03 -nan -nan 5.528402e-02 inf 1.840881e-02 4.026193e-04 5.281965e-04 2.048927e-05 5.314874e-02 2.526014e-03 6.401202e-01 1.555666e-03 1.001529e+00 6.937761e-05 8.037903e-07 6.336208e-08 2.724602e+00 1.200867e-01 8.440530e-01 6.748167e-04 7.129472e-01 1.136921e-03 1.467959e-01 4.347507e-05 5.097734e-01 1.618752e-03 1.002608e+00 1.163270e-04
8 8 5.000000e-01 1.695958e+00 8.879398e-01 5.747998e-04 8.949091e-01 5.792666e-04 7.888101e-01 1.018123e-03 8.012488e-01 1.034020e-03 1.021992e-01 4.670464e-03 -1.018141e+03 1.037081e+06 2.053427e-01 9.501804e-03 -nan -nan 5.390858e-02 inf 1.861000e-02 4.096803e-04 5.396768e-04 2.118947e-05 5.271349e-02 2.521694e-03 6.233912e-01 1.600512e-03 1.001708e+00 7.767877e-05 8.437662e-07 6.816758e-08 2.733979e+00 1.207849e-01 8.343510e-01 7.087998e-04 6.967202e-01 1.179975e-03 1.553134e-01 4.870029e-05 4.870209e-01 1.641015e-03 1.002943e+00 1.312619e-04
8 8 5.000000e-01 1.768912e+00 8.812008e-01 6.041951e-04 8.881182e-01 6.088972e-04 7.769228e-01 1.061815e-03 7.891774e-01 1.078419e-03 1.082616e-01 4.963570e-03 -1.010014e+03 1.020659e+06 2.240508e-01 1.034193e-02 inf -nan 6.246507e-01 5.732937e-01 1.896061e-02 4.195224e-04 5.606909e-04 2.215803e-05 5.295646e-02 2.532192e-03 6.048683e-01 1.643592e-03 1.001916e+00 8.728011e-05 9.137321e-07 7.367105e-08 2.742942e+00 1.162410e-01 8.231847e-01 7.428831e-04 6.782639e-01 1.219517e-03 1.635966e-01 5.556143e-05 4.617401e-01 1.650034e-03 1.003319e+00 1.493925e-04
8 8 5.000000e-01 1.845005e+00 8.738121e-01 6.401808e-04 8.806718e-01 6.451567e-04 7.640038e-01 1.115102e-03 7.760557e-01 1.132518e-03 1.165219e-01 5.366998e-03 -1.000952e+03 1.002515e+06 2.482274e-01 1.146164e-02 inf -nan 6.322661e-01 1.179003e-01 1.904953e-02 4.246422e-04 5.667895e-04 2.270875e-05 5.199577e-02 2.521343e-03 5.850854e-01 1.696250e-03 1.002185e+00 9.995911e-05 9.410902e-07 7.864217e-08 2.773258e+00 1.249536e-01 8.111427e-01 7.829059e-04 6.586521e-01 1.266090e-03 1.741715e-01 6.263886e-05 4.356504e-01 1.663384e-03 1.003793e+00 1.705295e-04
8 8 5.000000e-01 1.924370e+00 8.653178e-01 6.738750e-04 8.721112e-01 6.791130e-04 7.492787e-01 1.162100e-03 7.610996e-01 1.180253e-03 1.238159e-01 5.726720e-03 -9.903092e+02 9.814045e+05 2.687034e-01 1.228505e-02 inf -nan 6.324343e-01 1.783860e-01 1.930359e-02 4.360077e-04 5.849834e-04 2.381316e-05 5.244100e-02 2.567469e-03 5.629158e-01 1.733322e-03 1.002468e+00 1.132875e-04 1.009415e-06 8.606646e-08 2.817776e+00 1.254447e-01 7.973982e-01 8.239449e-04 6.366169e-01 1.310155e-03 1.849728e-01 6.919690e-05 4.072335e-01 1.665160e-03 1.004348e+00 1.935640e-04
8 8 5.000000e-01 2.007150e+00 8.558614e-01 7.228794e-04 8.625822e-01 7.285114e-04 7.330741e-01 1.232233e-03 7.446449e-01 1.251532e-03 1.364848e-01 6.334677e-03 -9.781636e+02 9.576152e+05 3.002807e-01 1.373684e-02 inf -nan 6.329830e-01 2.146056e-04 1.959808e-02 4.420542e-04 6.003727e-04 2.452573e-05 5.161217e-02 2.544282e-03 5.390687e-01 1.796731e-03 1.002897e+00 1.331703e-04 1.058513e-06 9.154403e-08 2.817858e+00 1.269789e-01 7.821690e-01 8.741311e-04 6.126585e-01 1.362624e-03 1.995075e-01 8.364836e-05 3.774631e-01 1.666159e-03 1.005077e+00 2.297485e-04
8 8 5.000000e-01 2.093491e+00 8.452008e-01 7.716196e-04 8.518383e-01 7.776335e-04 7.150185e-01 1.297910e-03 7.263058e-01 1.318245e-03 1.492257e-01 7.024615e-03 -9.642904e+02 9.307947e+05 3.301775e-01 1.515642e-02 inf -nan 6.342958e-01 1.840120e-02 1.992126e-02 4.521596e-04 6.219600e-04 2.561239e-05 5.180735e-02 2.563122e-03 5.131013e-01 1.844011e-03 1.003382e+00 1.575491e-04 1.145279e-06 1.003927e-07 2.833237e+00 1.290684e-01 7.649151e-01 9.383176e-04 5.860932e-01 1.429015e-03 2.205016e-01 1.007377e-04 3.458177e-01 1.669792e-03 1.006108e+00 2.747073e-04
8 8 5.000000e-01 2.183546e+00 8.331467e-01 8.333504e-04 8.396909e-01 8.398188e-04 6.948928e-01 1.380870e-03 7.058669e-01 1.402422e-03 1.669151e-01 7.879424e-03 -9.483443e+02 9.004573e+05 3.668943e-01 1.676191e-02 inf -nan 6.357420e-01 5.929588e-01 2.011654e-02 4.592850e-04 6.343891e-04 2.636339e-05 5.115508e-02 2.542604e-03 4.849599e-01 1.905483e-03 1.004055e+00 1.892613e-04 1.192923e-06 1.053459e-07 2.847722e+00 1.287233e-01 7.456391e-01 9.979508e-04 5.571033e-01 1.481246e-03 2.391719e-01 1.196069e-04 3.128408e-01 1.646507e-03 1.007266e+00 3.280942e-04
8 8 5.000000e-01 2.277474e+00 8.189997e-01 9.023820e-04 8.254336e-01 9.094077e-04 6.716502e-01 1.468232e-03 6.822596e-01 1.491223e-03 1.876287e-01 8.950152e-03 -9.298325e+02 8.658650e+05 4.025323e-01 1.825396e-02 inf -nan 6.367234e-01 1.404916e-01 2.047729e-02 4.714651e-04 6.587458e-04 2.761023e-05 5.161925e-02 2.560602e-03 4.534676e-01 1.955758e-03 1.004907e+00 2.305471e-04 1.286668e-06 1.140703e-07 2.863312e+00 1.274107e-01 7.232310e-01 1.078078e-03 5.243754e-01 1.550410e-03 2.676299e-01 1.530322e-04 2.776802e-01 1.621535e-03 1.008989e+00 4.082073e-04
8 8 5.000000e-01 2.375443e+00 8.027573e-01 9.932664e-04 8.090653e-01 1.001002e-03 6.454971e-01 1.581655e-03 6.556989e-01 1.606434e-03 2.179302e-01 1.049933e-02 -9.082581e+02 8.264647e+05 4.509844e-01 2.045419e-02 inf -nan 6.396194e-01 4.214363e-01 2.073750e-02 4.766376e-04 6.723045e-04 2.845756e-05 5.048841e-02 2.574022e-03 4.193970e-01 2.021383e-03 1.006169e+00 2.920324e-04 1.340025e-06 1.246893e-07 2.890328e+00 1.384889e-01 6.976170e-01 1.168059e-03 4.882139e-01 1.618058e-03 3.010807e-01 1.949046e-04 2.413128e-01 1.574664e-03 1.011298e+00 5.114145e-04
8 8 5.000000e-01 2.477627e+00 7.835880e-01 1.102139e-03 7.897493e-01 1.110687e-03 6.153336e-01 1.709464e-03 6.250712e-01 1.736157e-03 2.573219e-01 1.274115e-02 -8.832543e+02 7.819625e+05 5.036485e-01 2.302973e-02 inf -nan 6.430882e-01 2.083060e-01 2.099937e-02 4.867035e-04 6.924833e-04 2.957291e-05 5.047631e-02 2.575345e-03 3.818166e-01 2.078161e-03 1.007937e+00 3.829405e-04 1.438969e-06 1.342509e-07 2.903526e+00 1.333825e-01 6.679897e-01 1.281784e-03 4.480648e-01 1.698728e-03 3.476397e-01 2.577695e-04 2.040146e-01 1.519677e-03 1.014801e+00 6.708325e-04
8 8 5.000000e-01 2.584206e+00 7.611454e-01 1.231809e-03 7.671309e-01 1.241390e-03 5.809887e-01 1.850852e-03 5.901848e-01 1.879830e-03 3.082237e-01 1.573839e-02 -8.543788e+02 7.321321e+05 5.608720e-01 2.557974e-02 inf -nan 6.475859e-01 3.113927e-02 2.128849e-02 4.945132e-04 7.108882e-04 3.039734e-05 4.985173e-02 2.536868e-03 3.412609e-01 2.119870e-03 1.010444e+00 5.133052e-04 1.501252e-06 1.399898e-07 2.909208e+00 1.346313e-01 6.334455e-01 1.415535e-03 4.034932e-01 1.775001e-03 4.063722e-01 3.614806e-04 1.663248e-01 1.430975e-03 1.019933e+00 9.089191e-04
8 8 5.000000e-01 2.695369e+00 7.341127e-01 1.406342e-03 7.398887e-01 1.417253e-03 5.410650e-01 2.029350e-03 5.496378e-01 2.061072e-03 3.852982e-01 2.018586e-02 -8.207901e+02 6.762995e+05 6.271602e-01 2.860395e-02 inf -nan 6.528774e-01 3.340169e-04 2.158913e-02 5.031346e-04 7.308970e-04 3.142701e-05 4.943503e-02 2.529231e-03 2.972094e-01 2.157096e-03 1.014492e+00 7.226004e-04 1.588190e-06 1.514109e-07 2.914604e+00 1.375674e-01 5.930195e-01 1.571421e-03 3.544330e-01 1.838381e-03 4.801492e-01 5.325600e-04 1.293978e-01 1.304456e-03 1.027749e+00 1.286644e-03
8 8 5.000000e-01 2.811315e+00 7.009107e-01 1.640620e-03 7.064307e-01 1.653296e-03 4.941902e-01 2.243261e-03 5.020339e-01 2.278245e-03 5.030755e-01 2.812098e-02 -7.811483e+02 6.133492e+05 7.067581e-01 3.195009e-02 inf -nan 6.597431e-01 6.380437e-04 2.198395e-02 5.161893e-04 7.604656e-04 3.320821e-05 4.982096e-02 2.607239e-03 2.496629e-01 2.167246e-03 1.021274e+00 1.086945e-03 1.743991e-06 1.720855e-07 2.968921e+00 1.460773e-01 5.445689e-01 1.782266e-03 3.001012e-01 1.904651e-03 5.923504e-01 8.659183e-04 9.410472e-02 1.149790e-03 1.041672e+00 1.937885e-03
8 8 5.000000e-01 2.932248e+00 6.584521e-01 1.991080e-03 6.636446e-01 2.006433e-03 4.378473e-01 2.516997e-03 4.448135e-01 2.556275e-03 7.114716e-01 4.539517e-02 -7.339848e+02 5.426064e+05 8.060433e-01 3.655261e-02 inf -nan 6.670780e-01 3.797920e-04 2.225677e-02 5.218887e-04 7.776053e-04 3.380447e-05 4.879139e-02 2.531176e-03 1.985464e-01 2.140278e-03 1.034232e+00 1.819947e-03 1.803112e-06 1.782317e-07 2.948358e+00 1.481780e-01 4.855222e-01 2.062611e-03 2.404630e-01 1.941954e-03 7.618908e-01 1.659369e-03 6.200796e-02 9.483049e-04 1.067894e+00 3.202555e-03
8 8 5.000000e-01 3.058383e+00 6.025583e-01 2.597618e-03 6.073246e-01 2.617533e-03 3.703552e-01 2.884019e-03 3.762790e-01 2.928957e-03 1.164085e+00 8.620405e-02 -6.785489e+02 4.652489e+05 9.306205e-01 4.211067e-02 inf -nan 6.765179e-01 2.839601e-02 2.268009e-02 5.338147e-04 8.077079e-04 3.522759e-05 4.886177e-02 2.521630e-03 1.461053e-01 2.044885e-03 1.063237e+00 3.523667e-03 1.939104e-06 1.858380e-07 2.951808e+00 1.357703e-01 4.112425e-01 2.525443e-03 1.761963e-01 1.955325e-03 1.096670e+00 4.038572e-03 3.527743e-02 7.181545e-04 1.129964e+00 6.210345e-03
8 8 5.000000e-01 3.189945e+00 5.204578e-01 3.656601e-03 5.245943e-01 3.684621e-03 2.852899e-01 3.323423e-03 2.898850e-01 3.375373e-03 2.214062e+00 1.435851e-01 -6.107458e+02 3.790430e+05 1.077647e+00 4.642508e-02 1.641338e+02 inf 6.864645e-01 5.413745e-02 2.314228e-02 5.467027e-04 8.423921e-04 3.704045e-05 4.910929e-02 2.569617e-03 9.325413e-02 1.829526e-03 1.143205e+00 7.689485e-03 2.125675e-06 2.114432e-07 2.981296e+00 1.461454e-01 3.123049e-01 3.141597e-03 1.084680e-01 1.828972e-03 1.624724e+00 5.752180e-03 1.547380e-02 4.571400e-04 1.306534e+00 1.437932e-02
8 8 5.000000e-01 3.327165e+00 4.058893e-01 4.677019e-03 4.091386e-01 4.713353e-03 1.880525e-01 3.406716e-03 1.911132e-01 3.460673e-03 3.448690e+00 1.487205e-01 -5.335198e+02 2.910403e+05 1.062111e+00 4.315452e-02 inf -nan 6.986883e-01 1.988439e-02 2.368073e-02 5.598751e-04 8.818322e-04 3.896646e-05 4.934442e-02 2.608247e-03 4.774000e-02 1.391710e-03 1.348455e+00 1.673622e-02 2.337674e-06 2.354363e-07 2.999938e+00 1.490910e-01 1.974236e-01 3.236427e-03 5.039369e-02 1.350960e-03 1.650108e+00 3.516738e-03 4.546841e-03 2.129562e-04 1.784294e+00 3.756619e-02
8 8 5.000000e-01 3.470288e+00 2.917620e-01 4.753371e-03 2.941059e-01 4.790869e-03 1.088302e-01 2.826185e-03 1.106128e-01 2.871524e-03 3.409710e+00 1.129070e-01 -4.650554e+02 2.214306e+05 8.041077e-01 3.524792e-02 3.856853e+01 inf 7.129799e-01 1.268778e-01 2.418095e-02 5.713225e-04 9.191035e-04 4.042227e-05 4.926944e-02 2.575491e-03 2.026830e-02 8.664613e-04 1.708464e+00 3.247877e-02 2.525225e-06 2.502149e-07 2.978016e+00 1.432866e-01 1.138944e-01 2.514842e-03 1.971450e-02 7.615154e-04 9.616914e-01 1.770700e-03 1.020697e-03 7.673515e-05 2.577286e+00 9.217088e-02
8 8 5.000000e-01 3.619568e+00 2.103008e-01 4.137904e-03 2.119826e-01 4.170727e-03 6.198834e-02 2.030090e-03 6.299780e-02 2.062792e-03 2.479413e+00 8.850502e-02 -4.146511e+02 1.755666e+05 5.288294e-01 2.530184e-02 inf -nan 7.285113e-01 5.024042e-01 2.442505e-02 5.767989e-04 9.371781e-04 4.141025e-05 4.813190e-02 2.549185e-03 8.143262e-03 4.686118e-04 2.111600e+00 5.337627e-02 2.638339e-06 2.638971e-07 2.997068e+00 1.455648e-01 7.351372e-02 1.771629e-03 8.662426e-03 3.938001e-04 4.565694e-01 6.264372e-04 2.388247e-04 2.397005e-05 3.118039e+00 1.497039e-01
8 8 5.000000e-01 3.775270e+00 1.613885e-01 3.476547e-03 1.626737e-01 3.504065e-03 3.850810e-02 1.435337e-03 3.913053e-02 1.458327e-03 1.678116e+00 6.890020e-02 -3.796984e+02 1.469244e+05 3.717518e-01 1.794476e-02 5.220588e+01 inf 7.456715e-01 9.902170e-01 2.467690e-02 5.841697e-04 9.582502e-04 4.243036e-05 4.732814e-02 2.509843e-03 3.617097e-03 2.543806e-04 2.430979e+00 7.581111e-02 2.764795e-06 2.814531e-07 3.006723e+00 1.526577e-01 5.785027e-02 1.387560e-03 5.324917e-03 2.426240e-04 2.674339e-01 2.214604e-04 8.928654e-05 9.516469e-06 3.124718e+00 1.676448e-01
8 8 5.000000e-01 3.937669e+00 1.325777e-01 2.959256e-03 1.336294e-01 2.982741e-03 2.657292e-02 1.055410e-03 2.700107e-02 1.072404e-03 1.165529e+00 5.240073e-02 -3.525434e+02 1.265692e+05 2.845812e-01 1.332465e-02 6.392700e+01 inf 7.663437e-01 5.269199e-01 2.499931e-02 5.902230e-04 9.816419e-04 4.319332e-05 4.632847e-02 2.430193e-03 1.855879e-03 1.464229e-04 2.616556e+00 9.235062e-02 2.878579e-06 2.859107e-07 2.980322e+00 1.446672e-01 5.066132e-02 1.203669e-03 4.051147e-03 1.809482e-04 1.927559e-01 1.088970e-04 5.013327e-05 5.164444e-06 3.040941e+00 1.541490e-01
8 8 5.000000e-01 4.107054e+00 1.134457e-01 2.584580e-03 1.143424e-01 2.605056e-03 1.972581e-02 8.115075e-04 2.004179e-02 8.245278e-04 8.522893e-01 4.028079e-02 -3.300114e+02 1.109393e+05 2.333197e-01 1.069717e-02 5.584337e-02 inf -nan 4.717852e-01 2.510822e-02 5.942921e-04 9.921606e-04 4.385293e-05 4.504243e-02 2.375851e-03 1.067702e-03 9.005083e-05 2.733512e+00 1.047758e-01 2.961924e-06 2.985685e-07 2.998502e+00 1.486982e-01 4.679497e-02 1.105513e-03 3.441626e-03 1.518322e-04 1.558386e-01 6.778952e-05 3.553685e-05 3.517411e-06 2.991611e+00 1.432157e-01
8 8 5.000000e-01 4.283725e+00 1.003176e-01 2.316332e-03 1.011094e-01 2.334614e-03 1.556602e-02 6.582471e-04 1.581415e-02 6.687381e-04 6.560927e-01 3.243990e-02 -3.106584e+02 9.837592e+04 1.974006e-01 8.960006e-03 inf -nan -nan 3.175648e+05 2.542519e-02 6.018967e-04 1.017230e-03 4.506060e-05 4.427940e-02 2.349555e-03 6.881031e-04 6.203130e-05 2.833269e+00 1.193560e-01 3.117811e-06 3.159220e-07 3.009774e+00 1.511458e-01 4.461258e-02 1.055481e-03 3.131098e-03 1.388205e-04 1.361908e-01 5.310791e-05 2.961277e-05 3.032935e-06 3.010438e+00 1.531371e-01
8 8 5.000000e-01 4.467996e+00 9.099201e-02 2.117583e-03 9.170952e-02 2.134294e-03 1.287266e-02 5.522857e-04 1.307763e-02 5.610877e-04 5.256617e-01 2.657221e-02 -2.936089e+02 8.796373e+04 1.710385e-01 7.704820e-03 6.118328e-02 inf -nan 1.495744e+05 2.556061e-02 6.025723e-04 1.025108e-03 4.499206e-05 4.255191e-02 2.222505e-03 4.790063e-04 4.482141e-05 2.883561e+00 1.284759e-01 3.128135e-06 3.070415e-07 2.972904e+00 1.414545e-01 4.302338e-02 1.019463e-03 2.914945e-03 1.290395e-04 1.217918e-01 4.174536e-05 2.557894e-05 2.551850e-06 3.008365e+00 1.464274e-01
8 8 5.000000e-01 4.660194e+00 8.369732e-02 1.950788e-03 8.435600e-02 1.966135e-03 1.090243e-02 4.708399e-04 1.107523e-02 4.783072e-04 4.275896e-01 2.192168e-02 -2.778605e+02 7.886470e+04 1.483898e-01 6.704129e-03 6.150577e-02 inf -nan -nan 2.579990e-02 6.097895e-04 1.046331e-03 4.640661e-05 4.177780e-02 2.228315e-03 3.464199e-04 3.312339e-05 2.909966e+00 1.336277e-01 3.305651e-06 3.360067e-07 3.014249e+00 1.508066e-01 4.172859e-02 9.858423e-04 2.735995e-03 1.214694e-04 1.092039e-01 3.449767e-05 2.262762e-05 2.320049e-06 3.017227e+00 1.532301e-01
8 8 5.000000e-01 4.860660e+00 7.761951e-02 1.813570e-03 7.823209e-02 1.827881e-03 9.392090e-03 4.060089e-04 9.541813e-03 4.124717e-04 3.543603e-01 1.809867e-02 -2.637008e+02 7.113645e+04 1.315331e-01 5.915253e-03 5.950206e-02 inf -nan -nan 2.599972e-02 6.154503e-04 1.063779e-03 4.685266e-05 4.080577e-02 2.130883e-03 2.575600e-04 2.457637e-05 2.911240e+00 1.330379e-01 3.384331e-06 3.307556e-07 2.985179e+00 1.398602e-01 4.077614e-02 9.657787e-04 2.617360e-03 1.151928e-04 1.004911e-01 2.757059e-05 2.047535e-05 1.998414e-06 2.980679e+00 1.398009e-01
8 8 5.000000e-01 5.069749e+00 7.307594e-02 1.718892e-03 7.365171e-02 1.732406e-03 8.365393e-03 3.648626e-04 8.498109e-03 3.706475e-04 3.051758e-01 1.571327e-02 -2.505087e+02 6.429886e+04 1.168944e-01 5.201943e-03 5.885171e-02 inf -nan -nan 2.629032e-02 6.241351e-04 1.089985e-03 4.840693e-05 4.023481e-02 2.133184e-03 2.066686e-04 1.983869e-05 2.946203e+00 1.352916e-01 3.593205e-06 3.611364e-07 3.019956e+00 1.487222e-01 4.004562e-02 9.492964e-04 2.526467e-03 1.119847e-04 9.308519e-02 2.454594e-05 1.926445e-05 1.939701e-06 3.009944e+00 1.485634e-01
8 8 5.000000e-01 5.287832e+00 6.935089e-02 1.620740e-03 6.989739e-02 1.633501e-03 7.498631e-03 3.244528e-04 7.617752e-03 3.295961e-04 2.601018e-01 1.330687e-02 -2.382362e+02 5.825053e+04 1.039849e-01 4.624682e-03 5.740519e-02 inf -nan -nan 2.649487e-02 6.257747e-04 1.103093e-03 4.857549e-05 3.878080e-02 2.037202e-03 1.642479e-04 1.561280e-05 2.915714e+00 1.323737e-01 3.640164e-06 3.645143e-07 2.984922e+00 1.474274e-01 3.959427e-02 9.338130e-04 2.460456e-03 1.082451e-04 8.635757e-02 2.080282e-05 1.808222e-05 1.808650e-06 2.980721e+00 1.464896e-01
8 8 5.000000e-01 5.515296e+00 6.577557e-02 1.549007e-03 6.629329e-02 1.561206e-03 6.783432e-03 2.965889e-04 6.891059e-03 3.012917e-04 2.278157e-01 1.178491e-02 -2.268541e+02 5.292003e+04 9.322082e-02 4.141835e-03 5.710961e-02 inf -nan 0.000000e+00 2.658730e-02 6.286026e-04 1.111234e-03 4.891414e-05 3.750872e-02 1.959794e-03 1.363147e-04 1.324940e-05 2.958252e+00 1.395326e-01 3.688424e-06 3.618350e-07 2.982190e+00 1.411640e-01 3.875725e-02 9.172803e-04 2.363291e-03 1.040246e-04 7.987358e-02 1.735372e-05 1.668434e-05 1.609355e-06 2.982054e+00 1.363951e-01
8 8 5.000000e-01 5.752545e+00 6.309315e-02 1.481183e-03 6.358936e-02 1.492801e-03 6.227675e-03 2.708997e-04 6.326094e-03 2.751641e-04 1.996991e-01 1.026875e-02 -2.159194e+02 4.805573e+04 8.440190e-02 3.752705e-03 5.525159e-02 inf -nan 0.000000e+00 2.681499e-02 6.353047e-04 1.132259e-03 5.016615e-05 3.674334e-02 1.944061e-03 1.141197e-04 1.097794e-05 2.938135e+00 1.361254e-01 3.867063e-06 3.886344e-07 3.008092e+00 1.476971e-01 3.847267e-02 9.115204e-04 2.330956e-03 1.035759e-04 7.562648e-02 1.649715e-05 1.644553e-05 1.692041e-06 3.022408e+00 1.554543e-01
8 8 5.000000e-01 6.000000e+00 6.105904e-02 1.434125e-03 6.153873e-02 1.445394e-03 5.834061e-03 2.543789e-04 5.926239e-03 2.584036e-04 1.795094e-01 9.289191e-03 -2.058062e+02 4.376174e+04 7.604454e-02 3.401725e-03 5.398545e-02 inf -nan 0.000000e+00 2.709507e-02 6.401478e-04 1.153691e-03 5.082827e-05 3.576316e-02 1.872763e-03 1.004914e-04 9.826258e-06 2.945931e+00 1.404342e-01 3.982906e-06 3.906758e-07 2.987657e+00 1.407163e-01 3.810928e-02 9.018551e-04 2.284794e-03 1.009236e-04 7.098612e-02 1.407174e-05 1.568151e-05 1.552761e-06 2.995204e+00 1.430497e-01
